410
485
1152
964
63
803
1301
911
383
55
1540
1349
611
642
1229
18
1261
1203
1769
743
1353
875
1763
655
568
1720
981
434
292
774
1591
664
1118
9
1621
683
18
84
1078
1632
949
1510
1594
433
125
1634
1520
199
1478
1548
1254
647
811
157
844
1704
438
124
1284
117
1680
1607
1677
56
1558
193
1476
201
128
10
886
1207
1448
279
586
1077
1660
1733
629
1781
905
259
1313
1472
745
1225
473
1232
847
1116
1385
1275
1685
504
754
156
382
956
613
1526
82
1806
1743
1499
1463
669
527
1833
1083
1345
1512
1255
215
1470
85
807
1517
1236
1349
1316
1201
1353
457
1500
1120
175
1632
1587
678
1160
1051
450
45
937
562
103
1443
1526
1828
711
1178
926
887
225
822
210
467
82
1634
1794
1718
1545
511
3
890
831
225
983
1162
681
38
530
1661
666
1378
397
1139
1302
1540
1105
874
657
1146
1453
1153
541
19
1118
87
1121
561
1311
216
405
450
1552
1491
328
413
255
1588
612
288
713
233
871
349
1277
300
1318
920
710
575
1521
725
1621
920
696
878
1204
1163
406
1708
571
1249
534
1076
158
1486
284
1016
1538
1540
1139
766
1332
1718
1714
714
528
1681
1584
1323
1774
846
1290
118
357
1817
1458
1621
640
146
963
188
777
986
951
384
61
1634
918
1487
1480
813
918
1720
494
958
1776
1222
1115
192
1168
376
448
387
1448
559
1728
994
126
220
1821
1795
733
650
1113
1672
796
1400
1422
1139
1801
1226
1533
933
783
1359
974
285
1025
558
1213
1162
652
1809
1724
1151
928
1514
1157
64
1660
159
1047
1386
1044
467
1458
722
1847
81
832
1331
1636
522
972
1360
190
943
1353
1727
180
307
1211
514
388
1113
880
493
326
471
999
1430
298
668
528
447
408
1795
518
769
297
1040
1762
577
1232
873
557
1743
1653
1275
1735
875
1244
1427
819
1247
961
1757
37
314
1267
1582
1087
1004
582
1183
1164
1237
1655
741
1344
1246
1317
232
23
1827
970
676
1198
1383
958
1655
1550
1475
924
1382
1478
1106
1074
119
848
116
1225
403
1389
1553
620
1433
1483
1162
1345
213
855
280
1069
656
429
1699
82
1213
119
525
569
1717
621
1474
551
1232
1007
1657
1784
685
1826
445
1245
1528
1226
748
1180
651
722
1421
1352
759
1077
349
1470
1592
1737
737
1029
1109
945
1830
1612
459
494
64
384
805
884
88
388
1181
1082
565
942
1758
571
282
1732
991
991
99
989
988
987
983
982
981
979
979
975
975
974
972
971
969
969
969
968
968
967
959
956
949
948
944
943
943
942
941
941
941
940
939
938
936
936
936
936
935
935
934
934
933
931
929
920
92
917
915
913
911
911
910
91
907
906
905
904
902
902
901
901
90
9
899
896
895
895
894
893
892
892
891
889
889
888
887
887
886
885
882
881
88
879
879
873
872
871
870
870
869
866
865
86
86
858
857
857
857
855
855
854
852
85
849
847
845
845
845
844
84
84
84
837
837
835
835
833
833
830
830
827
826
825
824
824
822
821
820
820
817
814
813
813
812
811
811
81
807
807
807
807
805
803
803
801
801
801
80
799
795
794
793
791
79
788
787
787
785
782
781
780
777
777
773
773
772
771
770
770
77
769
769
769
766
762
760
760
76
76
76
759
758
758
755
752
752
749
749
749
748
745
745
741
740
734
733
732
731
731
731
730
730
730
728
727
725
725
725
722
720
72
719
718
712
712
708
708
706
706
705
704
703
700
70
7
697
695
695
694
694
69
688
688
687
687
682
680
677
677
677
677
676
673
673
670
67
669
668
666
665
665
662
661
66
658
658
655
652
65
65
65
648
648
648
648
640
640
640
64
637
633
633
632
632
632
629
629
628
628
625
620
620
62
62
62
619
617
617
616
614
611
610
608
608
608
607
607
607
607
606
604
604
602
600
600
60
6
597
597
595
595
592
589
589
588
587
587
586
584
581
581
580
576
575
574
574
574
574
573
570
570
569
568
568
563
563
562
56
557
555
555
553
552
551
551
551
548
546
546
545
543
540
540
54
539
539
538
537
535
533
532
532
531
53
529
528
528
527
526
525
524
521
520
52
52
519
519
518
518
517
517
516
513
513
512
512
511
509
509
509
508
508
508
506
504
50
50
498
498
497
496
495
495
494
493
490
490
487
486
484
484
484
483
483
483
482
482
481
481
480
48
479
478
476
475
474
472
472
471
470
47
469
466
466
465
464
464
462
460
46
458
457
457
457
457
456
452
451
45
449
446
442
442
442
442
44
44
438
435
432
432
431
430
43
429
428
426
426
426
425
425
419
418
417
417
417
416
416
416
414
412
412
410
409
409
407
407
405
403
403
403
401
401
401
4
396
394
393
390
39
388
385
385
382
382
381
381
38
377
376
374
373
373
372
37
37
368
365
365
360
360
357
355
355
354
351
35
35
347
346
346
345
344
343
343
341
341
339
339
338
337
336
334
332
331
330
330
33
326
324
322
321
32
32
319
319
319
317
317
312
310
308
308
307
301
300
30
30
299
298
296
296
293
293
292
291
291
288
286
285
285
283
283
281
281
28
277
276
275
273
272
272
271
270
27
27
269
268
267
266
265
263
263
263
262
261
259
259
258
257
255
250
249
248
247
247
242
241
241
240
239
239
238
235
235
235
234
230
23
229
227
227
225
225
224
223
221
220
22
22
219
218
217
216
216
215
215
215
214
214
213
212
211
211
211
209
209
207
207
204
203
202
202
202
201
200
20
2
2
2
199
198
198
198
197
197
193
192
191
19
188
187
187
1852
1852
185
185
185
1846
1844
1843
1843
1841
1840
1840
184
1838
1838
1837
1837
1833
1832
1831
1829
1829
1828
1828
1828
1827
1827
1823
1822
1821
1820
1820
182
182
1818
1818
1818
1816
1814
1813
1812
1812
1812
1810
1809
1809
1807
1806
1804
1803
1802
180
180
18
1799
1798
1797
1793
1793
1792
1791
1791
1790
1788
1788
1786
1785
1784
1783
1783
1782
178
1778
1776
1776
1775
1774
1773
1773
1771
1771
1771
1769
1768
1765
1763
1761
1760
1760
1760
1759
1757
1756
1756
1754
1753
1752
1752
175
1743
1743
1741
1737
1736
1735
1735
1732
1732
173
1729
1728
1726
1726
1725
1723
1723
1722
1720
172
172
1719
1716
1715
1710
1710
1710
171
171
171
1708
1707
1706
1705
1703
1701
17
17
1699
1699
1698
1696
1695
1695
1695
1694
1693
1691
1688
1687
1687
1686
1685
1684
1683
1683
1680
168
1679
1679
1676
1675
1674
1672
1671
1671
1671
1670
1669
1665
1664
1663
1663
1663
1663
1661
1660
1660
1658
1658
1658
1656
1655
1653
1653
1652
1650
1646
1644
1644
1644
1643
1643
164
164
1639
1638
1636
1636
1634
1631
1630
163
1627
1626
1625
1623
1622
1621
1621
1621
1620
1620
162
1617
1617
1616
1615
1615
1614
1614
1614
1613
1613
1613
1612
1611
1610
1610
1609
1607
1607
1607
1605
1604
1604
1603
1603
1601
1597
1597
1597
1596
1595
1594
159
1589
1585
1584
1582
1580
1580
158
1579
1578
1577
1576
1573
1573
1573
1572
1571
1571
1570
1567
1567
1566
1565
1562
1562
1561
1558
1558
1557
1555
1552
1552
1551
1551
1551
1551
1550
1550
155
1546
1544
1544
1544
1543
1540
1536
1536
1535
1534
1530
153
153
1527
1527
1527
1524
1523
1523
1523
1521
152
152
152
1518
1517
1517
1517
1516
1515
1513
1510
1510
1509
1506
1506
1503
1500
1500
1500
1499
1498
1495
1494
1492
1492
1491
1490
1489
1488
1488
1485
1485
1484
1483
1483
1482
1481
1480
1480
148
1478
1477
1476
1472
1472
1471
1470
1470
1467
1467
1467
1466
1466
1465
1463
1463
1462
1460
146
1459
1458
1457
1453
1450
1450
1450
145
1449
1447
1446
1445
1445
1442
1440
1439
1439
1438
1437
1435
1432
1431
1431
1427
1426
1422
142
1418
1412
1411
1409
1409
1407
1404
1402
1401
1401
140
1397
1395
1395
1394
1394
1393
1391
1390
1389
1389
1388
1387
1384
1383
1383
1382
1380
138
1379
1378
1375
1373
1370
137
137
137
1368
1368
1364
1364
1362
1362
1362
1359
1358
1357
1353
1353
1352
1351
1350
135
1347
1346
1345
1345
1345
1344
1342
1342
134
1338
1338
1337
1333
133
1325
1324
1324
1322
1322
132
1318
1318
1317
1313
1312
1311
1311
1309
1306
1306
1305
1304
1300
13
1299
1299
1298
1298
1297
1296
1295
129
129
1287
1286
1285
1284
1284
1280
1277
1277
1275
1273
1273
1272
1269
1269
1269
1268
1261
1255
1253
1252
1252
1250
125
125
1248
1243
1243
1241
1240
1239
1237
1234
1234
1229
1229
1227
1226
1226
1222
1222
1222
1221
1220
1219
1219
1217
1216
1216
1216
1216
1213
1211
1210
1210
1209
1209
1208
1208
1207
1206
1206
1205
1204
1202
1201
1201
12
1199
1197
1196
1196
1195
1193
119
1189
1186
1186
1183
1181
1180
1180
118
118
1170
1170
1169
1168
1167
1165
1163
1162
1162
1161
1160
116
1159
1159
1156
1154
1148
1146
1144
1144
1144
1143
1140
1140
1136
1134
1133
1132
1132
1131
113
1129
1129
1129
1127
1126
1125
1125
1122
1119
1117
1116
1116
1115
1115
1114
1114
1113
1112
1110
1110
1110
1110
1109
1108
1106
1103
1103
110
1097
109
109
1089
1088
1088
1088
1087
1084
1084
1083
1080
1080
108
1079
1078
1076
1074
1073
1071
1068
1066
1066
1065
1064
1064
1063
1063
1060
1059
1058
1057
1057
1056
1055
1049
1049
1045
1045
1044
1044
1042
1041
1041
1040
104
104
1038
1037
1035
1032
1029
1029
1029
1027
1027
1024
1023
1020
102
1017
1016
1016
1016
1015
1015
1012
1012
1012
1006
1005
1005
1003
1003
1000
10
1
1