1
2
2
3
6
7
7
8
8
9
10
11
11
14
14
16
17
18
19
19
20
24
25
26
31
31
31
31
33
35
35
36
44
46
48
49
49
49
49
51
51
51
52
53
56
59
59
59
60
62
63
64
64
64
66
68
70
70
71
73
73
75
76
79
80
80
80
80
80
83
86
86
87
91
93
94
95
95
96
97
98
99
100
102
102
102
102
104
104
108
108
111
114
114
115
115
116
116
118
119
120
123
124
124
124
125
127
128
129
134
134
134
135
136
136
136
137
137
137
138
139
141
141
141
142
142
145
148
148
149
150
151
152
153
154
154
155
158
158
160
160
163
164
165
167
167
168
169
169
172
175
176
177
177
179
179
179
181
189
190
191
192
193
193
194
197
198
198
202
203
203
204
207
213
215
216
216
218
219
220
224
226
226
227
229
233
235
236
236
236
237
238
242
243
244
247
247
247
248
252
253
253
253
254
254
256
258
258
258
258
261
263
263
266
268
271
273
276
280
280
282
283
285
285
287
288
289
290
291
292
294
296
297
298
299
299
301
302
304
305
306
308
308
310
311
312
312
312
313
318
319
320
320
320
323
324
328
330
332
334
335
335
336
342
343
344
344
345
345
348
350
355
358
359
359
362
362
363
364
367
370
372
374
374
375
376
377
378
379
379
380
383
383
384
384
385
386
386
391
391
392
393
393
393
396
401
401
404
405
407
408
408
409
414
415
416
416
418
418
419
419
419
421
421
423
423
423
424
424
425
429
433
433
438
442
442
443
443
444
445
446
447
447
449
451
451
452
454
455
455
456
458
461
461
462
465
465
465
466
467
469
469
473
477
477
478
479
480
483
483
487
488
488
490
490
490
491
493
494
495
499
500
508
511
511
513
513
514
514
515
515
516
516
517
519
520
523
525
526
526
527
527
535
535
535
539
539
543
543
545
548
548
550
551
551
551
553
553
554
554
554
554
555
555
557
558
560
562
562
562
562
564
566
567
568
569
570
571
575
576
577
579
582
583
588
590
591
591
592
592
593
594
602
602
602
604
604
605
607
611
612
612
612
613
614
618
621
621
623
625
627
627
628
630
632
632
633
634
636
637
640
642
642
644
644
644
649
650
651
653
653
654
657
658
658
661
663
669
671
672
674
674
676
677
677
679
681
682
682
683
683
683
684
685
688
689
690
693
693
693
694
695
695
697
699
699
702
702
704
706
708
710
711
713
713
717
717
717
718
721
724
725
726
726
729
730
732
732
732
733
735
736
736
737
740
741
744
744
746
746
746
747
747
749
751
752
753
754
754
755
756
758
758
761
762
762
763
763
763
764
764
765
768
769
773
775
775
777
778
778
778
779
780
780
782
783
785
785
785
789
791
794
794
796
797
798
799
799
801
802
802
803
803
805
805
806
809
810
811
812
812
816
816
816
826
829
830
830
839
839
840
842
844
845
847
848
849
849
850
851
852
854
855
855
855
855
856
859
861
861
861
863
863
864
864
866
868
868
870
874
874
875
876
877
878
878
881
882
882
883
884
884
885
887
887
890
891
891
892
892
892
893
893
894
894
895
896
896
896
897
897
897
897
899
900
900
901
902
902
904
906
907
907
908
909
909
913
914
914
915
915
918
919
919
920
921
921
922
925
930
931
933
933
934
937
937
938
939
941
941
942
942
946
949
950
952
953
953
954
954
955
956
956
956
956
958
960
963
964
966
967
967
967
967
971
972
973
973
973
975
976
977
977
978
981
982
984
984
984
986
987
989
990
992
992
994
995
995
995
996
996
999
1001
1002
1003
1003
1005
1006
1006
1006
1008
1009
1009
1010
1010
1010
1012
1013
1013
1014
1014
1017
1017
1018
1018
1019
1019
1020
1021
1021
1026
1027
1027
1029
1029
1030
1032
1032
1035
1036
1038
1040
1042
1042
1043
1044
1044
1044
1046
1047
1047
1050
1052
1053
1055
1061
1062
1062
1064
1065
1065
1065
1066
1068
1069
1069
1069
1070
1072
1074
1075
1078
1079
1081
1082
1087
1089
1090
1091
1093
1094
1095
1097
1097
1099
1100
1101
1101
1102
1102
1103
1103
1103
1104
1104
1107
1108
1110
1111
1113
1114
1118
1118
1119
1121
1125
1126
1127
1128
1129
1132
1132
1132
1133
1133
1134
1136
1136
1136
1137
1138
1138
1140
1141
1141
1142
1142
1143
1144
1148
1148
1151
1152
1152
1153
1154
1156
1160
1161
1161
1165
1166
1166
1166
1167
1168
1168
1170
1170
1170
1171
1174
1176
1179
1179
1179
1181
1182
1188
1189
1189
1190
1190
1190
1192
1193
1196
1196
1196
1197
1198
1200
1200
1201
1205
1205
1206
1207
1208
1209
1209
1209
1211
1211
1212
1215
1215
1216
1217
1218
1219
1220
1221
1221
1221
1223
1227
1230
1233
1235
1236
1236
1237
1240
1243
1246
1248
1249
1254
1255
1255
1259
1264
1264
1266
1267
1269
1269
1269
1270
1270
1270
1278
1281
1281
1282
1284
1286
1287
1288
1290
1292
1292
1293
1295
1295
1296
1300
1303
1303
1304
1306
1307
1310
1312
1315
1316
1318
1320
1320
1324
1324
1325
1326
1328
1330
1332
1332
1334
1335
1336
1336
1338
1338
1344
1346
1346
1349
1351
1352
1352
1357
1357
1358
1358
1359
1359
1359
1361
1365
1367
1368
1369
1369
1370
1370
1371
1372
1373
1377
1377
1379
1382
1382
1384
1389
1389
1389
1390
1391
1392
1393
1393
1395
1396
1397
1399
1402
1402
1402
1404
1404
1404
1407
1409
1410
1411
1413
1415
1420
1421
1422
1423
1424
1424
1424
1426
1428
1428
1429
1430
1432
1434
1435
1436
1437
1438
1440
1441
1442
1442
1442
1443
1446
1447
1447
1448
1448
1448
1450
1451
1452
1452
1452
1455
1456
1456
1457
1458
1461
1461
1467
1467
1468
1469
1470
1470
1470
1471
1472
1472
1475
1476
1476
1478
1479
1482
1484
1485
1486
1487
1488
1489
1490
1490
1495
1500
1501
1502
1503
1505
1509
1510
1511
1513
1515
1516
1517
1518
1518
1519
1521
1521
1522
1522
1525
1525
1525
1526
1527
1527
1529
1529
1530
1531
1531
1531
1532
1533
1536
1537
1538
1539
1539
1541
1541
1543
1544
1545
1551
1551
1552
1552
1554
1554
1555
1556
1558
1558
1560
1560
1561
1564
1569
1570
1570
1571
1571
1572
1577
1579
1580
1583
1583
1585
1585
1587
1589
1590
1591
1593
1598
1600
1601
1601
1604
1604
1605
1607
1607
1609
1609
1609
1610
1611
1613
1613
1614
1614
1615
1617
1617
1617
1617
1621
1621
1622
1622
1625
1626
1627
1630
1632
1634
1635
1637
1638
1639
1639
1642
1644
1644
1645
1646
1648
1649
1649
1649
1650
1653
1653
1654
1654
1655
1655
1662
1666
1668
1668
1671
1672
1673
1673
1674
1675
1677
1678
1678
1678
1681
1684
1686
1686
1689
1689
1690
1691
1692
1695
1695
1698
1705
1707
1709
1710
1710
1711
1718
1719
1719
1721
1722
1722
1725
1725
1726
1728
1730
1731
1736
1738
1740
1740
1741
1742
1742
1743
1745
1752
1752
1752
1752
1753
1754
1756
1760
1769
1769
1770
1771
1771
1773
1774
1777
1778
1779
1780
1780
1782
1784
1785
1788
1792
1793
1796
1797
1797
1798
1800
1800
1804
1805
1806
1806
1808
1808
1809
1811
1812
1812
1812
1812
1813
1813
1813
1814
1814
1814
1816
1817
1817
1818
1818
1818
1819
1819
1821
1822
1822
1824
1827
1828
1829
1829
1829
1830
1831
1834
1834
1835
1835
1837
1838
1838
1839
1839
1841
1842
1843
1847
1848
1851
1853
1854
1856
1857
1857
1857
1859
1861
1863
1864
1864
1865
1865
1866
1867
1869
1869
1870
1871
1873
1873
1874
1874
1875
1875
1876
1877
1877
1881
1881
1882
1885
1885
1890
1892
1892
1894
1895
1895
1897
1897
1898
1898
1898
1899
1899
1899
1900
1900
1901
1903
1905
1906
1908
1911
1912
1914
1916
1917
1918
1920
1921
1922
1924
1924
1926
1926
1930
1931
1932
1932
1934
1936
1937
1938
1938
1939
1940
1942
1943
1944
1945
1945
1946
1947
1947
1948
1948
1950
1950
1951
1952
1954
1955
1956
1957
1958
1959
1960
1961
1961
1964
1964
1966
1970
1970
1973
1974
1976
1978
1978
1978
1979
1980
1981
1982
1987
1987
1988
1988
1989
1991
1991
1992
1992
1993
1995
1995
1997
1999
1999
2000
2002
2003
2004
2005
2008
2009
2009
2012
2014
2015
2021
2024
2025
2028
2029
2030
2030
2032
2034
2035
2035
2038
2038
2039
2040
2042
2043
2044
2044
2045
2045
2045
2047
2047
2050
2050
2051
2051
2051
2051
2052
2052
2054
2054
2056
2057
2057
2058
2059
2060
2064
2064
2066
2067
2069
2070
2072
2073
2073
2073
2074
2074
2076
2076
2077
2077
2079
2080
2082
2085
2085
2089
2090
2091
2093
2093
2094
2098
2099
2101
2102
2107
2111
2112
2112
2112
2113
2113
2113
2114
2114
2121
2122
2122
2124
2128
2132
2132
2134
2135
2135
2141
2142
2143
2143
2146
2150
2152
2154
2154
2155
2155
2156
2157
2159
2162
2163
2165
2167
2168
2168
2169
2172
2174
2176
2176
2177
2179
2180
2181
2183
2188
2191
2193
2195
2196
2197
2198
2201
2204
2210
2210
2214
2214
2214
2215
2217
2218
2219
2223
2224
2224
2224
2224
2228
2228
2228
2230
2230
2231
2232
2233
2233
2234
2237
2239
2240
2242
2243
2243
2245
2246
2247
2247
2250
2251
2251
2252
2252
2252
2253
2255
2255
2258
2258
2260
2260
2260
2263
2263
2264
2266
2267
2267
2269
2272
2272
2274
2275
2277
2277
2278
2278
2279
2282
2283
2283
2285
2286
2288
2288
2291
2291
2291
2297
2298
2300
2302
2303
2308
2309
2310
2313
2315
2317
2317
2319
2323
2325
2326
2328
2329
2330
2330
2331
2332
2333
2333
2336
2336
2336
2337
2338
2338
2338
2340
2341
2342
2343
2347
2348
2348
2349
2349
2350
2350
2350
2351
2351
2352
2355
2355
2356
2357
2358
2359
2363
2363
2364
2365
2365
2366
2366
2366
2366
2366
2368
2370
2370
2374
2376
2377
2381
2381
2383
2383
2385
2385
2388
2388
2389
2391
2392
2393
2394
2395
2400
2400
2403
2403
2403
2407
2409
2411
2412
2413
2413
2421
2421
2423
2423
2424
2431
2434
2434
2434
2436
2436
2437
2438
2439
2442
2443
2443
2444
2444
2447
2448
2452
2455
2455
2456
2456
2457
2457
2458
2459
2464
2466
2467
2470
2470
2470
2474
2475
2475
2476
2476
2477
2482
2483
2483
2484
2485
2486
2487
2489
2489
2490
2492
2493
2493
2495
2496
2499
2499
2501
2501
2502
2502
2503
2503
2504
2508
2510
2513
2515
2517
2519
2522
2522
2523
2524
2525
2526
2527
2530
2531
2532
2533
2534
2537
2537
2538
2541
2541
2542
2543
2545
2546
2546
2547
2548
2554
2556
2557
2558
2558
2559
2560
2562
2568
2569
2570
2571
2572
2573
2575
2576
2584
2586
2586
2587
2588
2589
2593
2594
2594
2598
2599
2600
2601
2601
2603
2604
2607
2609
2609
2611
2613
2613
2614
2614
2617
2618
2618
2619
2622
2623
2624
2624
2625
2626
2626
2627
2630
2631
2635
2637
2638
2638
2638
2640
2640
2642
2643
2643
2646
2648
2648
2649
2651
2651
2652
2652
2652
2653
2655
2655
2659
2659
2661
2662
2665
2666
2668
2670
2671
2673
2673
2673
2673
2675
2675
2676
2677
2678
2678
2680
2680
2680
2681
2681
2681
2681
2681
2683
2683
2683
2685
2687
2689
2690
2691
2691
2696
2697
2698
2698
2698
2698
2699
2700
2700
2701
2701
2702
2704
2707
2707
2708
2708
2710
2712
2715
2717
2720
2723
2724
2724
2726
2728
2728
2729
2729
2729
2732
2733
2734
2738
2739
2743
2745
2745
2745
2746
2746
2746
2748
2748
2750
2750
2752
2753
2755
2755
2756
2756
2757
2758
2759
2759
2759
2761
2761
2762
2762
2762
2763
2763
2763
2766
2767
2767
2769
2770
2771
2772
2773
2774
2776
2777
2781
2781
2784
2786
2786
2786
2787
2787
2789
2793
2793
2794
2795
2795
2800
2801
2801
2801
2801
2803
2803
2803
2807
2811
2811
2811
2813
2815
2818
2820
2821
2822
2823
2824
2828
2831
2834
2835
2836
2837
2839
2839
2844
2845
2845
2846
2847
2849
2849
2851
2852
2854
2856
2859
2859
2860
2860
2860
2860
2860
2861
2863
2864
2865
2865
2869
2870
2872
2873
2875
2877
2877
2878
2878
2879
2881
2883
2887
2887
2892
2893
2894
2894
2898
2899
2899
2901
2902
2908
2909
2909
2911
2912
2912
2914
2914
2914
2914
2917
2919
2919
2920
2921
2923
2923
2925
2927
2928
2928
2928
2931
2936
2936
2937
2938
2938
2939
2941
2945
2947
2947
2951
2952
2952
2955
2956
2956
2960
2960
2961
2962
2964
2966
2966
2967
2968
2969
2972
2973
2974
2975
2976
2977
2977
2981
2981
2981
2982
2984
2986
2987
2989
2991
2993
2996
2999
3000
3002
3002
3003
3003
3006
3007
3008
3015
3016
3016
3018
3018
3019
3020
3023
3026
3029
3030
3030
3037
3038
3040
3042
3042
3045
3046
3046
3046
3050
3050
3051
3054
3056
3057
3065
3066
3069
3071
3073
3073
3075
3075
3078
3080
3082
3083
3084
3086
3086
3087
3090
3090
3091
3091
3092
3092
3093
3095
3096
3097
3097
3098
3099
3100
3100
3100
3100
3102
3103
3103
3104
3107
3107
3108
3109
3110
3112
3113
3114
3114
3119
3120
3120
3121
3122
3124
3124
3126
3126
3126
3129
3129
3130
3132
3133
3136
3137
3138
3138
3139
3142
3142
3143
3144
3146
3147
3152
3153
3153
3153
3157
3157
3158
3158
3161
3162
3162
3163
3166
3166
3166
3167
3168
3171
3172
3173
3174
3180
3181
3185
3187
3187
3196
3198
3199
3201
3201
3201
3202
3203
3204
3206
3206
3209
3210
3211
3212
3213
3213
3216
3216
3217
3220
3221
3224
3225
3228
3232
3233
3237
3237
3240
3240
3240
3241
3242
3244
3244
3245
3246
3246
3247
3249
3249
3249
3252
3257
3258
3260
3261
3262
3262
3263
3264
3267
3268
3269
3274
3276
3278
3278
3278
3279
3279
3280
3283
3284
3284
3285
3286
3288
3289
3290
3291
3293
3294
3295
3296
3296
3297
3298
3299
3300
3301
3302
3302
3306
3309
3309
3309
3311
3311
3312
3313
3313
3315
3318
3318
3319
3320
3320
3320
3322
3324
3325
3326
3330
3330
3330
3331
3333
3335
3335
3336
3336
3337
3338
3339
3340
3340
3343
3344
3346
3347
3348
3349
3351
3352
3352
3354
3355
3357
3359
3362
3362
3363
3364
3365
3368
3370
3373
3373
3374
3375
3375
3376
3378
3381
3381
3384
3384
3385
3386
3388
3389
3389
3390
3391
3392
3394
3399
3400
3400
3401
3401
3403
3404
3404
3406
3407
3408
3409
3409
3409
3412
3415
3415
3418
3419
3422
3423
3425
3426
3427
3428
3428
3429
3434
3434
3435
3437
3440
3442
3443
3443
3443
3445
3445
3448
3449
3450
3451
3453
3454
3455
3457
3458
3459
3459
3459
3460
3461
3462
3462
3463
3465
3466
3470
3471
3471
3471
3473
3476
3478
3479
3479
3481
3482
3485
3485
3485
3486
3487
3488
3488
3494
3496
3498
3498
3499
3502
3505
3505
3505
3509
3512
3518
3519
3520
3521
3522
3523
3523
3525
3526
3527
3527
3527
3529
3530
3531
3532
3533
3534
3535
3536
3537
3537
3537
3539
3541
3542
3543
3543
3544
3546
3548
3549
3552
3554
3554
3555
3556
3557
3560
3561
3562
3563
3564
3564
3564
3565
3565
3565
3566
3566
3567
3567
3567
3567
3569
3569
3576
3576
3576
3580
3580
3581
3582
3582
3583
3588
3592
3592
3592
3594
3595
3597
3598
3598
3601
3602
3602
3606
3607
3609
3609
3610
3612
3613
3613
3618
3621
3621
3622
3623
3624
3626
3627
3629
3629
3629
3632
3632
3632
3634
3634
3635
3635
3635
3636
3638
3639
3639
3642
3642
3643
3646
3646
3648
3649
3649
3649
3650
3651
3652
3652
3652
3653
3653
3655
3657
3658
3659
3659
3660
3660
3660
3661
3662
3665
3665
3666
3670
3670
3673
3674
3674
3675
3675
3678
3680
3681
3682
3683
3683
3684
3685
3688
3688
3689
3690
3693
3694
3695
3696
3697
3697
3698
3700
3702
3703
3703
3705
3705
3707
3707
3707
3709
3712
3713
3715
3715
3716
3717
3720
3721
3722
3723
3724
3725
3726
3729
3731
3731
3732
3733
3734
3735
3736
3736
3737
3738
3739
3739
3740
3741
3743
3744
3746
3754
3755
3757
3758
3759
3759
3760
3760
3760
3760
3761
3761
3762
3763
3764
3767
3769
3769
3769
3770
3771
3773
3773
3773
3775
3777
3778
3780
3780
3780
3784
3785
3787
3792
3793
3793
3794
3795
3796
3797
3799
3800
3800
3800
3803
3804
3804
3807
3808
3813
3814
3819
3821
3822
3822
3823
3824
3825
3825
3825
3825
3827
3827
3827
3828
3829
3830
3833
3836
3837
3837
3838
3847
3847
3848
3850
3850
3850
3850
3852
3854
3855
3857
3857
3860
3861
3862
3866
3867
3870
3871
3873
3873
3874
3875
3878
3879
3880
3883
3885
3885
3886
3887
3889
3889
3891
3894
3895
3895
3897
3898
3905
3905
3907
3908
3910
3913
3914
3917
3917
3918
3921
3923
3923
3924
3927
3927
3927
3930
3933
3934
3935
3940
3943
3947
3947
3950
3950
3950
3952
3953
3957
3958
3959
3960
3961
3963
3964
3966
3967
3968
3969
3970
3972
3974
3974
3978
3979
3979
3982
3982
3985
3985
3986
3986
3987
3988
3989
3990
3992
3993
3994
3995
3995
3995
3996
3997
3999
3999
3999
4000
4001
4001
4002
4004
4004
4005
4005
4005
4005
4007
4007
4011
4011
4012
4012
4013
4015
4015
4016
4017
4021
4022
4024
4025
4027
4028
4035
4036
4037
4041
4043
4043
4045
4047
4047
4049
4049
4053
4054
4056
4057
4058
4059
4060
4061
4061
4069
4069
4069
4070
4071
4071
4072
4072
4080
4080
4081
4086
4087
4087
4088
4089
4090
4092
4093
4094
4095
4099
4099
4099
4101
4102
4104
4106
4107
4109
4109
4111
4111
4112
4114
4114
4117
4117
4121
4122
4122
4124
4124
4124
4125
4125
4128
4130
4130
4131
4132
4137
4138
4140
4141
4141
4143
4143
4144
4145
4147
4147
4147
4149
4150
4151
4152
4154
4157
4158
4159
4162
4163
4166
4167
4168
4169
4171
4173
4173
4175
4177
4177
4178
4178
4180
4180
4180
4182
4183
4184
4187
4188
4189
4189
4190
4191
4193
4195
4196
4197
4198
4198
4201
4201
4202
4204
4205
4206
4206
4207
4207
4209
4210
4210
4210
4211
4212
4214
4214
4216
4216
4216
4216
4218
4219
4219
4220
4225
4227
4228
4229
4231
4231
4232
4233
4242
4242
4242
4244
4245
4248
4249
4252
4254
4254
4255
4256
4257
4257
4258
4259
4261
4263
4264
4267
4267
4269
4271
4274
4275
4277
4279
4280
4282
4284
4286
4286
4287
4287
4288
4289
4290
4291
4291
4291
4295
4296
4297
4297
4299
4299
4300
4302
4305
4306
4306
4306
4306
4306
4307
4311
4311
4313
4314
4317
4318
4318
4322
4323
4323
4326
4328
4330
4331
4331
4334
4336
4338
4340
4340
4342
4342
4343
4343
4344
4345
4345
4347
4348
4349
4349
4350
4350
4351
4351
4354
4359
4362
4362
4363
4364
4367
4368
4369
4370
4370
4372
4374
4376
4378
4379
4381
4382
4383
4383
4386
4386
4387
4387
4388
4392
4393
4394
4394
4394
4395
4396
4397
4404
4404
4405
4408
4415
4415
4415
4416
4416
4417
4418
4419
4419
4419
4420
4426
4427
4428
4428
4429
4430
4431
4433
4436
4436
4436
4438
4440
4441
4441
4442
4442
4442
4447
4453
4453
4454
4457
4457
4458
4460
4460
4461
4462
4462
4466
4471
4475
4477
4479
4479
4482
4483
4484
4485
4485
4485
4485
4488
4488
4488
4490
4490
4491
4494
4496
4498
4498
4501
4502
4503
4503
4504
4505
4506
4507
4508
4509
4511
4512
4515
4516
4522
4523
4524
4527
4530
4531
4531
4532
4533
4534
4535
4536
4536
4537
4539
4540
4540
4544
4545
4546
4548
4551
4552
4552
4554
4554
4555
4555
4556
4557
4558
4558
4559
4560
4561
4564
4565
4565
4565
4568
4568
4568
4571
4573
4574
4575
4578
4580
4580
4581
4584
4584
4585
4587
4587
4587
4588
4590
4591
4591
4593
4595
4595
4598
4603
4604
4605
4606
4609
4609
4612
4613
4614
4615
4615
4622
4625
4626
4629
4630
4632
4636
4637
4637
4637
4639
4640
4640
4641
4642
4643
4644
4647
4647
4648
4648
4648
4656
4656
4656
4657
4657
4658
4658
4658
4659
4661
4664
4665
4667
4669
4669
4669
4670
4670
4672
4673
4675
4677
4679
4686
4687
4688
4690
4692
4693
4694
4694
4694
4695
4697
4697
4699
4700
4704
4707
4708
4708
4710
4712
4717
4718
4719
4719
4721
4721
4723
4724
4728
4729
4730
4730
4731
4731
4732
4733
4734
4734
4734
4735
4735
4739
4740
4741
4742
4743
4744
4744
4748
4752
4753
4755
4757
4758
4758
4760
4761
4761
4762
4763
4764
4765
4768
4771
4772
4774
4774
4775
4775
4777
4777
4779
4780
4780
4780
4782
4783
4784
4786
4788
4788
4791
4791
4793
4794
4796
4801
4801
4801
4802
4803
4804
4805
4805
4805
4807
4809
4809
4810
4810
4811
4815
4816
4820
4820
4822
4823
4823
4823
4825
4826
4829
4829
4832
4835
4836
4836
4836
4838
4840
4840
4841
4842
4842
4842
4842
4844
4845
4850
4851
4851
4852
4855
4858
4859
4859
4862
4862
4862
4862
4863
4865
4868
4868
4871
4872
4873
4873
4874
4876
4876
4877
4877
4877
4878
4881
4882
4887
4889
4892
4893
4893
4894
4894
4896
4897
4898
4898
4899
4900
4904
4904
4909
4910
4911
4912
4913
4921
4923
4924
4924
4927
4928
4928
4931
4932
4932
4932
4934
4938
4938
4938
4939
4940
4941
4941
4944
4945
4949
4950
4953
4954
4956
4956
4958
4958
4961
4962
4965
4967
4967
4968
4969
4969
4971
4972
4978
4978
4979
4980
4980
4980
4981
4989
4990
4992
4994
4994
4994
4996
4996
4999
5003
5003
5003
5004
5008
5011
5014
5014
5016
5016
5017
5018
5020
5021
5022
5024
5026
5027
5027
5027
5028
5028
5031
5032
5032
5034
5034
5035
5035
5037
5038
5039
5039
5041
5041
5043
5043
5043
5044
5047
5047
5050
5051
5057
5058
5059
5059
5063
5064
5064
5065
5066
5067
5067
5068
5069
5069
5070
5071
5073
5075
5075
5078
5081
5082
5083
5083
5087
5090
5091
5092
5094
5095
5099
5099
5102
5102
5103
5104
5105
5106
5106
5108
5109
5109
5109
5111
5112
5112
5112
5114
5115
5115
5117
5118
5121
5124
5125
5126
5127
5127
5130
5132
5134
5135
5135
5140
5140
5142
5148
5148
5148
5148
5148
5149
5151
5152
5152
5153
5153
5154
5155
5156
5156
5158
5164
5164
5164
5164
5164
5172
5173
5174
5179
5183
5186
5186
5187
5189
5190
5191
5192
5193
5194
5196
5198
5199
5200
5200
5201
5201
5203
5203
5204
5212
5212
5214
5215
5215
5217
5218
5219
5221
5221
5222
5222
5223
5226
5226
5232
5233
5234
5235
5237
5237
5238
5240
5240
5243
5244
5247
5249
5249
5251
5255
5259
5260
5261
5263
5264
5265
5268
5270
5271
5272
5273
5273
5274
5279
5279
5281
5285
5286
5286
5287
5288
5288
5289
5289
5290
5291
5292
5293
5293
5293
5296
5296
5296
5297
5299
5299
5300
5300
5302
5303
5304
5307
5308
5309
5312
5312
5313
5314
5314
5317
5318
5322
5322
5322
5322
5323
5323
5324
5324
5324
5328
5329
5329
5329
5330
5332
5336
5336
5341
5342
5343
5343
5343
5345
5345
5346
5350
5352
5354
5355
5356
5357
5360
5361
5363
5366
5366
5367
5369
5372
5373
5377
5377
5377
5378
5381
5383
5384
5384
5384
5385
5386
5387
5389
5394
5396
5397
5398
5398
5399
5400
5402
5402
5405
5405
5406
5407
5408
5408
5408
5411
5411
5413
5415
5415
5418
5418
5421
5421
5426
5426
5429
5431
5432
5433
5435
5436
5444
5451
5452
5454
5457
5458
5459
5460
5460
5461
5463
5463
5467
5468
5468
5469
5470
5472
5473
5474
5476
5477
5478
5480
5480
5481
5483
5483
5483
5483
5484
5485
5485
5493
5494
5495
5497
5499
5502
5504
5504
5506
5506
5507
5509
5509
5510
5510
5511
5512
5515
5516
5519
5521
5525
5527
5531
5531
5532
5532
5533
5534
5536
5538
5538
5541
5543
5546
5551
5551
5552
5552
5552
5553
5553
5553
5555
5555
5555
5558
5559
5564
5566
5566
5568
5568
5569
5569
5569
5572
5572
5576
5576
5576
5577
5577
5578
5580
5581
5582
5582
5584
5586
5589
5589
5589
5590
5591
5594
5596
5596
5597
5599
5599
5599
5602
5602
5602
5603
5605
5606
5607
5608
5610
5613
5615
5615
5615
5615
5615
5617
5619
5622
5624
5624
5624
5625
5625
5626
5626
5627
5627
5628
5630
5630
5630
5631
5635
5636
5640
5640
5641
5642
5645
5646
5649
5649
5650
5650
5653
5654
5656
5658
5658
5659
5660
5661
5661
5661
5662
5665
5665
5672
5673
5674
5675
5677
5678
5678
5680
5680
5680
5681
5682
5684
5685
5685
5686
5687
5687
5690
5690
5691
5692
5692
5692
5694
5694
5694
5695
5698
5700
5700
5702
5702
5703
5703
5703
5704
5704
5706
5706
5706
5708
5711
5711
5713
5713
5715
5715
5717
5717
5717
5720
5725
5725
5725
5727
5727
5727
5727
5728
5729
5729
5729
5730
5730
5731
5732
5732
5733
5734
5737
5738
5741
5741
5742
5745
5746
5747
5749
5750
5751
5752
5752
5753
5753
5756
5757
5757
5757
5758
5759
5759
5761
5761
5763
5763
5765
5766
5768
5769
5772
5773
5773
5775
5778
5779
5781
5783
5783
5785
5788
5789
5790
5792
5794
5796
5796
5797
5798
5800
5801
5801
5804
5805
5806
5807
5808
5808
5811
5813
5813
5821
5822
5823
5823
5824
5824
5826
5827
5829
5833
5833
5834
5836
5837
5838
5841
5845
5848
5848
5849
5849
5850
5851
5851
5852
5853
5853
5854
5857
5857
5858
5859
5860
5862
5864
5865
5866
5867
5868
5870
5876
5877
5878
5878
5879
5880
5881
5883
5883
5885
5887
5887
5888
5888
5889
5891
5891
5893
5895
5896
5898
5899
5899
5899
5900
5900
5903
5905
5906
5907
5910
5910
5911
5915
5915
5918
5920
5921
5922
5923
5925
5927
5927
5928
5929
5931
5931
5932
5932
5933
5934
5935
5937
5938
5939
5941
5943
5944
5944
5949
5951
5951
5952
5954
5955
5955
5955
5955
5958
5960
5961
5962
5963
5964
5966
5968
5968
5969
5969
5970
5972
5972
5973
5973
5974
5975
5976
5976
5977
5978
5979
5984
5985
5987
5989
5990
5991
5992
5992
5993
5993
5994
5996
5998
5999
6002
6011
6012
6013
6015
6015
6018
6022
6023
6023
6024
6026
6030
6030
6032
6032
6035
6037
6037
6038
6038
6039
6048
6049
6050
6052
6052
6055
6057
6059
6062
6062
6063
6064
6066
6066
6068
6068
6069
6069
6071
6071
6072
6072
6073
6073
6073
6074
6077
6078
6078
6079
6079
6080
6081
6082
6084
6086
6086
6086
6086
6086
6091
6092
6098
6099
6099
6103
6105
6105
6106
6107
6109
6110
6110
6111
6113
6115
6115
6115
6116
6117
6118
6120
6122
6127
6127
6128
6130
6133
6134
6136
6136
6136
6137
6138
6138
6141
6144
6145
6145
6145
6147
6150
6151
6153
6154
6158
6159
6159
6162
6166
6166
6167
6167
6167
6167
6168
6171
6171
6172
6172
6173
6174
6175
6178
6179
6179
6181
6181
6181
6182
6184
6184
6185
6189
6189
6190
6191
6191
6192
6193
6194
6195
6195
6196
6198
6198
6198
6201
6202
6202
6204
6204
6204
6205
6207
6210
6211
6212
6217
6218
6218
6218
6220
6223
6223
6225
6227
6228
6229
6231
6233
6235
6235
6235
6236
6236
6238
6238
6238
6240
6241
6242
6243
6243
6244
6244
6244
6245
6246
6250
6250
6252
6253
6254
6256
6256
6257
6257
6257
6258
6259
6263
6263
6267
6269
6270
6270
6273
6274
6275
6279
6280
6280
6280
6284
6285
6286
6288
6289
6291
6292
6295
6295
6295
6296
6296
6297
6298
6298
6298
6300
6301
6301
6302
6303
6303
6304
6305
6307
6308
6311
6311
6312
6313
6313
6315
6316
6317
6317
6323
6326
6326
6326
6327
6328
6329
6330
6330
6331
6331
6332
6337
6339
6340
6344
6346
6348
6349
6350
6351
6351
6352
6352
6356
6357
6361
6363
6363
6364
6364
6365
6365
6366
6366
6368
6371
6372
6375
6376
6378
6380
6380
6382
6383
6385
6386
6388
6389
6391
6392
6392
6393
6395
6400
6401
6401
6405
6405
6406
6407
6407
6414
6415
6415
6416
6418
6420
6421
6423
6424
6424
6427
6428
6429
6429
6436
6436
6439
6439
6441
6445
6448
6449
6449
6450
6452
6455
6455
6455
6455
6456
6460
6461
6465
6465
6465
6466
6467
6468
6469
6471
6471
6472
6473
6473
6473
6475
6476
6479
6481
6484
6488
6489
6492
6492
6492
6494
6495
6496
6496
6499
6502
6502
6507
6509
6510
6510
6510
6511
6514
6516
6517
6519
6521
6521
6522
6523
6523
6523
6528
6532
6534
6535
6535
6537
6540
6542
6543
6543
6544
6548
6548
6550
6552
6554
6554
6554
6555
6557
6558
6559
6560
6560
6561
6563
6563
6563
6566
6570
6570
6572
6573
6576
6576
6577
6579
6580
6580
6581
6582
6582
6584
6589
6591
6592
6592
6593
6594
6595
6596
6601
6603
6605
6608
6611
6611
6612
6613
6613
6613
6614
6616
6616
6616
6619
6619
6624
6627
6628
6629
6630
6630
6632
6632
6633
6634
6635
6637
6637
6637
6642
6643
6643
6644
6645
6646
6647
6648
6649
6649
6651
6655
6655
6655
6656
6657
6658
6659
6660
6663
6664
6664
6665
6665
6666
6667
6668
6669
6670
6680
6680
6682
6686
6687
6689
6691
6692
6692
6693
6694
6696
6697
6697
6698
6700
6705
6708
6708
6709
6709
6710
6710
6713
6713
6716
6717
6717
6717
6718
6718
6719
6726
6726
6727
6729
6732
6732
6732
6733
6734
6734
6734
6736
6738
6740
6741
6742
6743
6743
6744
6747
6749
6749
6750
6750
6750
6751
6751
6754
6756
6756
6756
6757
6761
6764
6767
6772
6774
6775
6776
6776
6777
6777
6777
6779
6779
6779
6779
6780
6784
6785
6789
6789
6792
6796
6800
6802
6803
6805
6805
6806
6807
6807
6811
6813
6815
6815
6816
6818
6819
6819
6823
6824
6826
6827
6829
6829
6830
6831
6836
6837
6837
6845
6848
6850
6851
6856
6857
6858
6860
6860
6862
6864
6865
6872
6872
6873
6874
6879
6880
6881
6883
6883
6884
6884
6886
6887
6891
6892
6893
6894
6894
6894
6896
6898
6900
6901
6902
6906
6907
6907
6909
6911
6912
6912
6914
6914
6914
6915
6916
6917
6918
6918
6918
6919
6921
6921
6921
6922
6923
6925
6927
6929
6930
6931
6935
6941
6941
6943
6945
6946
6949
6950
6953
6953
6953
6960
6960
6964
6968
6969
6970
6971
6972
6974
6976
6978
6981
6981
6981
6982
6982
6983
6983
6985
6987
6988
6988
6990
6992
6994
6997
6997
6998
7000
7008
7008
7009
7012
7013
7015
7015
7015
7015
7015
7017
7018
7022
7027
7029
7031
7032
7033
7033
7036
7038
7041
7043
7049
7049
7051
7052
7054
7055
7055
7059
7060
7061
7061
7062
7062
7066
7066
7067
7067
7068
7068
7069
7073
7076
7076
7078
7080
7080
7081
7082
7083
7083
7085
7086
7091
7091
7091
7093
7094
7095
7097
7098
7098
7099
7099
7101
7101
7107
7108
7108
7108
7110
7113
7116
7120
7120
7123
7124
7126
7127
7130
7132
7133
7134
7134
7135
7135
7135
7137
7138
7140
7141
7145
7146
7146
7146
7147
7149
7150
7150
7151
7152
7155
7155
7156
7157
7157
7158
7159
7161
7162
7162
7164
7166
7167
7167
7167
7170
7173
7173
7176
7176
7177
7178
7180
7180
7183
7185
7185
7188
7188
7191
7192
7196
7197
7197
7197
7198
7200
7201
7204
7204
7207
7207
7211
7213
7216
7216
7219
7220
7220
7220
7221
7221
7221
7221
7222
7227
7227
7227
7228
7228
7230
7232
7232
7232
7233
7237
7238
7239
7241
7242
7246
7247
7249
7252
7255
7255
7257
7258
7258
7260
7262
7262
7265
7267
7268
7270
7271
7275
7276
7277
7278
7279
7282
7283
7283
7284
7285
7291
7291
7293
7295
7298
7301
7302
7302
7303
7303
7303
7304
7305
7305
7306
7307
7308
7309
7310
7311
7315
7317
7319
7320
7321
7321
7321
7322
7326
7327
7329
7330
7331
7331
7332
7335
7337
7339
7340
7341
7343
7346
7346
7347
7348
7351
7352
7354
7355
7356
7356
7357
7358
7358
7359
7359
7361
7366
7370
7371
7373
7373
7373
7374
7376
7377
7378
7379
7379
7380
7381
7381
7381
7382
7382
7383
7385
7386
7387
7387
7388
7389
7391
7391
7392
7395
7395
7396
7397
7398
7399
7400
7403
7404
7405
7406
7407
7408
7409
7410
7411
7411
7412
7412
7413
7413
7414
7414
7418
7420
7422
7425
7425
7427
7427
7428
7429
7429
7432
7432
7436
7439
7440
7441
7444
7444
7448
7448
7450
7452
7454
7455
7455
7457
7458
7459
7459
7460
7462
7462
7462
7463
7464
7464
7465
7466
7466
7468
7469
7469
7471
7473
7477
7479
7479
7481
7482
7482
7482
7484
7485
7486
7487
7488
7489
7489
7490
7491
7491
7492
7493
7496
7503
7507
7507
7508
7509
7511
7511
7512
7514
7516
7518
7518
7520
7522
7522
7523
7525
7525
7526
7526
7526
7527
7528
7529
7531
7531
7533
7533
7535
7536
7537
7540
7540
7541
7545
7545
7546
7548
7549
7549
7550
7556
7556
7557
7557
7557
7558
7559
7559
7562
7563
7564
7565
7565
7565
7566
7567
7569
7569
7569
7571
7573
7575
7576
7579
7580
7581
7581
7581
7582
7583
7583
7590
7597
7598
7598
7598
7599
7599
7599
7600
7602
7603
7603
7603
7604
7604
7605
7606
7606
7607
7610
7611
7612
7614
7615
7615
7616
7624
7626
7633
7636
7637
7638
7639
7640
7641
7643
7644
7645
7646
7647
7649
7652
7653
7653
7653
7653
7654
7655
7655
7657
7657
7657
7658
7660
7668
7668
7669
7669
7670
7671
7671
7673
7675
7675
7676
7676
7676
7676
7678
7681
7681
7682
7683
7683
7685
7685
7686
7687
7689
7689
7691
7692
7693
7696
7697
7698
7700
7701
7701
7703
7704
7704
7707
7707
7707
7708
7710
7711
7711
7713
7717
7718
7718
7720
7722
7723
7728
7728
7729
7731
7733
7734
7735
7735
7737
7740
7740
7741
7742
7745
7745
7746
7746
7746
7747
7750
7750
7751
7751
7751
7752
7752
7753
7753
7755
7755
7755
7755
7758
7760
7762
7763
7763
7765
7765
7768
7769
7770
7772
7777
7779
7781
7781
7783
7784
7784
7786
7788
7788
7789
7789
7791
7791
7791
7792
7795
7798
7800
7800
7803
7804
7808
7814
7814
7818
7818
7822
7822
7822
7822
7823
7824
7825
7827
7829
7829
7832
7833
7833
7834
7835
7836
7839
7841
7842
7842
7846
7847
7847
7847
7848
7849
7851
7854
7855
7855
7856
7861
7862
7863
7866
7867
7872
7875
7878
7879
7880
7881
7881
7881
7883
7883
7884
7888
7892
7893
7895
7895
7896
7897
7897
7900
7900
7900
7901
7902
7902
7902
7903
7906
7907
7911
7911
7915
7920
7920
7922
7922
7923
7923
7923
7924
7924
7926
7927
7928
7928
7928
7930
7933
7935
7937
7938
7943
7946
7946
7947
7948
7949
7949
7949
7951
7951
7953
7953
7954
7955
7957
7958
7962
7963
7964
7964
7965
7965
7966
7966
7969
7969
7970
7972
7974
7978
7978
7979
7979
7980
7983
7983
7983
7984
7991
7991
7991
7996
7996
7999
7999
8003
8004
8006
8006
8007
8007
8008
8011
8012
8012
8016
8016
8019
8019
8019
8019
8020
8020
8025
8030
8033
8033
8035
8035
8036
8038
8039
8040
8044
8045
8045
8045
8052
8052
8053
8058
8058
8058
8058
8060
8060
8062
8063
8064
8065
8066
8068
8071
8073
8075
8077
8077
8078
8079
8083
8084
8084
8085
8086
8087
8088
8089
8089
8089
8090
8090
8090
8090
8091
8092
8094
8095
8096
8097
8099
8099
8100
8107
8108
8109
8109
8110
8110
8113
8113
8121
8123
8124
8126
8126
8127
8127
8128
8130
8130
8134
8134
8135
8137
8137
8138
8139
8141
8142
8143
8146
8148
8148
8150
8150
8151
8156
8157
8157
8158
8158
8158
8158
8159
8160
8163
8164
8164
8165
8165
8167
8169
8171
8172
8174
8178
8178
8180
8181
8181
8183
8184
8186
8187
8191
8193
8195
8196
8198
8198
8200
8201
8202
8204
8205
8206
8208
8211
8214
8215
8215
8217
8219
8219
8222
8222
8223
8225
8225
8227
8228
8229
8229
8230
8232
8233
8238
8239
8241
8243
8244
8244
8245
8247
8247
8249
8251
8251
8253
8253
8254
8255
8256
8258
8259
8260
8262
8263
8264
8265
8265
8268
8271
8272
8273
8273
8274
8274
8275
8277
8277
8278
8279
8284
8285
8287
8289
8293
8295
8296
8297
8298
8300
8302
8303
8303
8303
8305
8306
8311
8311
8313
8314
8314
8314
8314
8316
8316
8317
8324
8324
8325
8326
8331
8332
8333
8333
8336
8337
8339
8339
8340
8342
8343
8344
8345
8346
8350
8352
8353
8354
8355
8356
8357
8357
8359
8365
8366
8368
8371
8372
8374
8377
8378
8379
8379
8379
8382
8386
8386
8386
8388
8389
8395
8397
8397
8399
8404
8406
8409
8410
8412
8413
8415
8415
8415
8416
8418
8420
8421
8423
8424
8424
8424
8426
8428
8429
8433
8433
8435
8436
8436
8439
8439
8439
8440
8440
8441
8441
8442
8442
8445
8446
8446
8446
8448
8448
8451
8452
8456
8457
8460
8462
8464
8465
8465
8467
8467
8468
8468
8470
8470
8473
8473
8474
8474
8479
8480
8482
8482
8483
8484
8485
8487
8490
8493
8494
8495
8498
8499
8499
8502
8502
8503
8503
8503
8503
8504
8505
8505
8507
8508
8508
8510
8510
8513
8516
8516
8519
8521
8524
8524
8524
8525
8527
8528
8528
8530
8530
8530
8536
8537
8540
8541
8543
8544
8548
8550
8552
8552
8552
8555
8558
8558
8558
8559
8560
8562
8563
8564
8568
8569
8570
8571
8571
8572
8572
8572
8573
8573
8573
8573
8574
8579
8581
8581
8585
8585
8586
8587
8587
8588
8590
8591
8591
8592
8594
8596
8596
8599
8600
8600
8602
8603
8603
8603
8606
8607
8607
8608
8609
8609
8610
8611
8614
8614
8617
8617
8622
8622
8622
8623
8623
8624
8627
8630
8630
8631
8633
8636
8640
8640
8643
8646
8647
8647
8647
8648
8651
8653
8655
8655
8658
8658
8659
8660
8662
8662
8664
8664
8665
8667
8668
8668
8669
8671
8671
8671
8672
8672
8677
8677
8678
8680
8680
8680
8681
8681
8684
8685
8685
8691
8691
8692
8693
8695
8697
8698
8700
8703
8706
8708
8709
8710
8714
8714
8716
8721
8721
8722
8725
8726
8727
8728
8730
8730
8732
8733
8734
8735
8735
8736
8737
8739
8742
8745
8747
8747
8749
8749
8753
8753
8754
8755
8756
8758
8760
8761
8763
8766
8766
8773
8774
8775
8776
8777
8778
8778
8780
8781
8784
8787
8788
8790
8791
8792
8796
8799
8800
8802
8802
8804
8805
8806
8808
8810
8810
8815
8816
8817
8823
8823
8826
8827
8830
8830
8832
8834
8834
8836
8839
8840
8843
8848
8850
8851
8853
8855
8856
8857
8858
8861
8862
8863
8863
8863
8863
8864
8864
8864
8865
8868
8868
8868
8870
8870
8876
8877
8877
8879
8880
8880
8880
8881
8882
8884
8887
8889
8889
8891
8894
8895
8897
8898
8900
8901
8903
8904
8905
8906
8906
8907
8908
8908
8910
8912
8914
8914
8914
8914
8915
8918
8918
8919
8920
8920
8925
8925
8925
8925
8926
8927
8927
8927
8927
8929
8930
8931
8931
8931
8932
8935
8935
8937
8937
8937
8942
8945
8945
8946
8947
8948
8950
8952
8952
8952
8953
8959
8959
8966
8966
8966
8967
8967
8969
8970
8974
8974
8978
8978
8979
8979
8979
8981
8981
8982
8983
8984
8987
8988
8991
8991
8992
8994
8997
8998
8998
8998
8999
9002
9002
9003
9007
9008
9011
9011
9011
9011
9011
9015
9020
9020
9021
9021
9022
9023
9025
9026
9026
9028
9028
9032
9033
9037
9038
9038
9039
9040
9042
9044
9044
9045
9045
9046
9048
9049
9050
9053
9055
9055
9058
9059
9062
9067
9069
9072
9072
9073
9073
9074
9074
9075
9076
9078
9079
9080
9081
9082
9083
9084
9087
9087
9088
9088
9088
9089
9091
9095
9095
9095
9095
9099
9101
9108
9109
9109
9110
9110
9115
9116
9117
9118
9119
9122
9124
9124
9124
9125
9125
9128
9129
9131
9133
9136
9139
9141
9143
9144
9144
9145
9146
9147
9147
9154
9157
9158
9164
9164
9164
9169
9169
9172
9173
9173
9174
9174
9174
9177
9180
9181
9181
9185
9185
9185
9185
9185
9186
9188
9189
9189
9189
9190
9191
9192
9192
9193
9194
9197
9208
9211
9212
9213
9213
9214
9216
9218
9222
9224
9224
9225
9226
9227
9227
9228
9230
9231
9231
9232
9232
9234
9235
9237
9238
9239
9241
9243
9246
9247
9248
9249
9249
9250
9251
9251
9254
9254
9258
9259
9260
9260
9260
9261
9262
9264
9265
9265
9266
9266
9267
9270
9271
9272
9272
9273
9274
9275
9275
9278
9278
9279
9281
9282
9282
9283
9284
9285
9286
9288
9289
9290
9290
9291
9291
9291
9293
9293
9296
9296
9299
9301
9301
9301
9304
9304
9305
9305
9306
9308
9308
9308
9308
9309
9309
9310
9311
9312
9312
9313
9314
9315
9315
9317
9318
9318
9322
9325
9325
9327
9330
9336
9337
9339
9340
9342
9343
9344
9344
9345
9346
9348
9349
9350
9352
9353
9354
9356
9357
9360
9360
9361
9361
9362
9363
9365
9368
9368
9369
9369
9371
9371
9372
9372
9376
9379
9380
9382
9383
9386
9389
9389
9389
9392
9393
9395
9398
9402
9403
9404
9405
9405
9405
9407
9408
9410
9410
9411
9412
9413
9414
9416
9416
9416
9417
9417
9419
9419
9421
9422
9423
9427
9429
9430
9432
9435
9435
9435
9435
9437
9438
9440
9442
9443
9443
9444
9446
9448
9450
9453
9458
9460
9460
9462
9462
9462
9462
9463
9466
9467
9468
9468
9470
9470
9472
9476
9476
9477
9479
9483
9483
9485
9486
9488
9488
9489
9489
9490
9493
9493
9494
9495
9495
9496
9498
9502
9504
9507
9508
9508
9509
9510
9513
9513
9514
9514
9515
9517
9519
9521
9524
9524
9525
9527
9527
9528
9528
9529
9532
9534
9535
9536
9537
9539
9540
9543
9544
9544
9544
9553
9556
9557
9564
9565
9566
9566
9573
9575
9576
9577
9577
9578
9579
9579
9582
9585
9585
9586
9586
9589
9592
9592
9593
9594
9595
9596
9598
9599
9599
9601
9601
9602
9603
9603
9603
9605
9606
9607
9607
9608
9609
9611
9617
9622
9623
9627
9630
9632
9633
9634
9635
9636
9637
9638
9639
9642
9643
9645
9646
9647
9648
9652
9652
9655
9657
9657
9657
9658
9660
9660
9666
9669
9671
9673
9674
9675
9677
9677
9679
9680
9680
9680
9682
9682
9683
9683
9683
9684
9685
9685
9686
9687
9689
9689
9689
9689
9690
9690
9692
9693
9694
9697
9698
9699
9702
9704
9704
9706
9707
9708
9709
9711
9712
9713
9715
9716
9717
9717
9720
9721
9722
9729
9731
9732
9733
9734
9736
9742
9744
9745
9748
9748
9752
9754
9758
9760
9760
9760
9761
9762
9762
9765
9767
9767
9767
9769
9769
9769
9771
9774
9775
9778
9779
9782
9782
9784
9784
9784
9785
9786
9786
9789
9789
9790
9790
9794
9795
9795
9800
9800
9801
9802
9803
9803
9805
9806
9806
9808
9809
9810
9813
9813
9816
9817
9818
9818
9818
9822
9823
9823
9824
9825
9826
9831
9831
9834
9834
9836
9836
9838
9839
9840
9843
9850
9851
9855
9856
9857
9858
9858
9859
9861
9861
9862
9862
9863
9865
9865
9865
9871
9872
9873
9875
9876
9877
9877
9880
9881
9884
9884
9884
9886
9889
9889
9894
9895
9897
9902
9903
9904
9904
9905
9905
9905
9906
9910
9910
9912
9912
9915
9915
9916
9916
9918
9918
9919
9922
9923
9923
9923
9923
9924
9924
9925
9925
9926
9932
9933
9933
9934
9935
9935
9936
9938
9940
9940
9944
9945
9945
9946
9946
9947
9949
9949
9952
9952
9954
9956
9959
9963
9964
9968
9969
9972
9973
9975
9975
9976
9976
9977
9978
9978
9979
9981
9984
9986
9987
9988
9990
9993
9993
9995
9996
9996
9998
2160
3966
8388
123
1270
3197
5307
5239
2208
5510
1656
7056
8046
3464
3479
7319
5960
664
1168
6020
9456
5972
7315
329
2225
110
489
6039
6413
1258
963
8043
6729
4470
6044
43
4035
9980
8518
1329
3016
2926
8543
6059
2273
1963
9912
4848
4995
5386
5929
5550
1195
1548
4190
9438
8656
5168
2037
3599
7918
9042
6544
7316
5176
9174
8497
8973
1842
7747
2306
9143
2173
1186
4222
4319
1320
4109
8334
2588
4553
2336
198
6970
8224
5534
5813
3165
7408
2130
9561
728
6968
9633
3598
8385
9012
7178
1267
9249
866
8490
6004
3449
8789
4181
7526
5085
2174
3865
113
7407
790
5320
4922
7058
6582
153
7345
7231
9024
7438
2018
654
2594
9396
7047
1808
7918
7199
9305
7154
1378
5029
4574
2076
5412
9473
7841
2094
718
1620
4982
2490
4923
7130
3432
4767
6908
7256
444
2054
9861
93
3140
1772
5688
8305
2236
639
3594
7348
4258
9579
2308
963
3669
8186
3120
9441
4065
2407
4543
4094
6605
6642
5502
8386
6221
1950
7937
1540
7428
6898
7803
6928
213
8994
3249
2540
5742
4702
8413
1225
2253
2889
8751
5000
2361
9015
7463
2119
3851
9147
9227
7074
3982
4328
43
2048
9969
9685
3777
390
9778
1121
4777
8409
7335
6070
3837
9405
8896
5731
6014
8758
9034
3989
4585
1148
5535
9440
7757
4978
6555
9184
991
1610
9719
4322
1053
1906
7478
5446
6433
1925
3104
4399
471
9591
5172
9072
1298
6659
7934
1181
1986
1714
5067
9718
7350
3570
8784
8553
8332
5965
1877
3773
6180
6642
3274
7751
8935
240
193
14
5569
5956
6410
114
6654
1177
8781
9531
9121
2923
2595
3789
5938
5591
1092
9063
657
24
4601
9248
1208
5194
7101
7535
2625
8784
3223
5171
9779
3427
7952
1908
1968
4434
6358
11
3278
4844
7725
4850
2925
1728
9434
5123
7547
2636
4630
5797
1937
6712
5123
2258
237
7204
1637
9624
828
7618
6266
6545
9375
9304
900
2132
8719
868
9991
1004
981
3530
4432
2978
2643
5797
804
2965
2593
3657
5831
6501
6658
713
3776
3910
9772
275
9501
5002
5863
1557
9171
3110
9734
3378
3386
128
6291
3159
3073
5007
1919
3932
1464
293
6642
1370
9020
3780
6958
6145
1896
8668
6070
2140
2108
6787
8845
8147
9992
8585
615
7335
1413
6
7926
8922
3413
3004
1310
4838
1289
649
1309
3828
7620
1177
8878
7242
4643
3806
8421
9119
3934
8388
7256
1959
2754
2188
1453
9587
7959
4590
1004
8588
2893
2912
4510
2095
3826
4141
1017
8089
2948
8575
7408
6408
7376
6878
2297
1672
2523
6992
5651
3593
1607
388
4046
4323
9695
1798
554
6132
9298
6459
4037
8392
5679
3226
3334
9532
648
3057
3865
7796
904
8418
4203
381
6946
5529
5091
7912
5490
3550
4641
6493
6466
2068
574
1701
8565
4424
6965
4751
2608
5712
2838
3982
2417
2998
3163
9981
6300
4047
67
1341
9154
4778
339
8938
6739
8337
3221
1858
3132
202
1938
7786
8214
3480
6593
9528
8897
5406
7583
5453
9180
105
665
1167
2879
479
1997
7712
9188
2462
9038
4443
7335
2907
4526
3549
3913
2585
5272
7930
1536
5158
9826
9826
4614
6245
4825
9303
8650
6194
756
9148
9365
9244
5343
9219
552
6438
6885
1347
1439
9463
6713
5540
9531
3812
8648
4315
6522
4306
8717
4135
9931
5889
5416
4782
9456
2738
1998
9394
5321
9792
2107
9808
4703
622
2985
6808
9956
8640
4925
8466
2866
2963
5932
6265
9450
2404
5090
4768
3651
2258
9326
2273
8281
6522
478
230
5704
2948
6553
9442
5707
5869
6904
8812
4467
375
5779
4697
7250
8064
4137
728
6684
1529
8160
4369
6979
4362
8183
1312
7229
2699
263
3182
3777
4251
568
625
3604
1782
3192
1860
3641
8484
4295
3776
1319
712
1873
1461
2518
5626
5080
7787
9804
567
5081
1462
8949
68
8412
9274
5267
4000
5570
7940
4464
5736
6141
1232
8992
2487
9005
6034
9770
4265
5954
4936
3082
4880
8080
4841
9668
1128
5949
965
5936
5118
4068
1739
3226
3253
7990
2338
5502
6277
8396
7899
7494
5982
1996
9030
4915
5918
1866
150
9885
2110
370
4292
7519
7650
4968
7962
1015
4963
1145
6602
9107
7981
3172
7653
5905
3422
836
3328
6917
6769
1597
5664
4107
4870
432
1178
9352
7020
8853
2925
2526
9867
2907
5387
3549
4565
8198
5795
7327
4635
2722
9753
7581
6230
7799
6923
2483
3015
8804
8933
6905
1588
9779
570
722
5827
794
1527
1561
6028
3682
1036
7875
6651
3342
4911
5934
9274
2814
6843
372
7840
2272
1627
3739
9333
7799
5764
3773
8491
4349
306
9186
1713
4247
2496
4432
6860
2316
4663
6336
9110
2815
1474
8051
8788
579
7234
9038
5493
1390
7074
1157
8763
4880
1961
1077
841
1861
715
3342
5328
4067
2086
1250
1829
6016
5929
461
3873
3933
5511
7312
5290
2009
754
7601
6320
6110
2883
7101
4771
5924
2980
2053
2223
8159
5855
1699
3856
3264
629
7208
6333
9516
9911
3558
8591
2416
8114
3584
9347
9572
2920
8885
6035
904
8227
558
8739
3749
468
5436
3911
571
1900
2514
924
1296
3526
4478
4201
2552
3410
4889
6137
4420
2233
7351
4074
439
3085
8651
7182
8080
2062
4936
817
3991
2596
2391
8651
7799
2561
6091
5865
350
2996
7452
8444
9604
3099
3753
3240
7011
6838
132
1412
8463
3691
2641
8260
5191
1314
9030
8754
3273
5728
8114
7443
8832
2754
8282
5929
9741
6806
8552
8585
5878
7463
8577
3705
2042
7431
2318
444
4743
5815
8522
2470
9136
6291
7446
3509
8798
4290
8836
2258
1949
2229
2668
8049
5375
6831
2096
961
16
1203
9530
9622
3704
1372
6953
1341
3547
5195
8965
9099
5693
9536
870
3411
5945
6791
5993
947
7747
9472
3863
1217
3756
4771
7758
8467
1100
1857
2845
4097
4230
2536
807
5846
5211
3274
3806
5923
510
8830
5072
9857
4729
5063
635
9844
6265
4616
9411
2801
4438
2497
2258
2287
7082
4403
5456
727
8440
558
5446
4199
85
6095
8019
4813
6520
8104
8413
6450
498
2124
8814
2319
1246
1078
3367
1718
3184
4342
7660
2233
2987
3369
6941
2273
7939
8815
9758
5091
1117
8221
6621
8793
3642
7434
4654
8713
2957
2918
6990
9994
6795
4031
893
8871
8214
6278
1188
5323
9149
110
4020
6563
819
4546
7590
3046
8447
3589
7952
1836
7302
9505
7414
1105
4927
3356
633
2533
1448
3799
8162
200
6225
4903
8128
5346
169
7229
5362
1597
4274
5349
8484
9908
9206
8662
4160
5792
8942
125
6034
1278
2096
2499
1314
6011
6464
9233
8175
5963
1057
3189
1646
9470
5969
7729
7804
3485
5791
5946
1439
2621
5194
8128
870
9261
5958
6075
3120
100
5147
4677
2743
6386
1744
8992
5435
8163
5572
1530
438
5909
9416
2157
4541
5585
7650
6364
8000
8388
6475
7001
8275
2648
2328
3473
2229
487
1445
8861
5045
9098
1269
3527
8742
7813
3840
2492
3985
969
4496
7137
8416
523
558
9890
6300
1456
9023
8689
1473
5171
1264
3788
3658
5945
5046
1417
3236
4091
16
7096
8501
3229
8851
7980
940
9424
2783
6290
9285
7969
382
9714
1040
4518
4120
7615
8414
5191
266
2830
8138
2867
6049
2479
7128
7303
5970
3597
7511
4409
3787
706
3253
2336
1201
8964
2442
6889
1264
3766
659
9588
5101
4962
1605
5041
7642
967
5169
503
2157
1650
7730
9548
7706
9746
7387
239
1372
7138
7984
8998
2787
4812
6812
5411
5827
6643
6189
4820
4627
6716
859
7979
7091
7897
7520
534
9685
3258
8622
417
3681
7008
490
3652
3468
6581
2446
2691
1863
7074
5139
9116
2227
3873
7
2967
2845
7752
9237
5769
7093
2807
1043
9916
5060
9758
5442
2676
4072
1278
7355
3344
1415
112
1299
9225
8662
9012
391
135
2404
114
5518
5554
4520
9854
7489
5107
7404
2884
3453
1218
1018
8179
9534
5001
7531
8102
250
614
1936
13
2137
7234
3081
6004
8765
7707
4047
8819
2822
9664
2285
3145
1834
6163
6890
8553
9341
4442
8723
1134
8656
8272
4405
6233
3221
9322
8915
5870
9298
9270
6426
7076
8535
1601
3886
4532
510
6567
9003
7996
5461
8287
8197
976
7
3604
6204
1396
8836
9
3815
8861
3125
2271
3665
2142
952
1411
8303
9184
3070
2579
2811
4647
5579
667
8682
770
9748
4245
6369
2384
8203
1342
5412
9105
8039
7639
4679
3994
2926
6748
554
2456
4781
7444
4036
6370
9772
7150
8030
9546
1628
9956
2136
1706
2415
8460
299
2511
500
3461
982
1319
8721
3508
245
6217
9911
114
1025
7777
6819
5039
4602
825
6822
4814
9257
2752
7670
7425
1475
4220
5838
1213
7815
9859
3735
9610
3270
9926
4910
9267
186
5882
2872
1078
8595
7893
824
8760
1498
5984
4347
8085
5145
5481
9014
4070
9026
9332
1807
3106
5631
4602
508
4598
6996
8062
5865
7971
4202
4898
5148
7032
7319
6579
5231
331
1461
4762
6354
4931
7869
2493
2017
5054
1124
394
5732
3810
3091
6482
145
1996
3397
4723
1085
1777
4958
9437
9290
9856
6567
7371
6610
169
413
7789
280
5623
3205
2244
2521
9370
2783
3334
489
5578
349
725
7100
9865
2451
4787
8733
9898
5009
4807
4385
3229
5512
7802
1726
364
1916
2565
3889
5945
8037
9235
7303
9480
4716
575
5809
3612
6026
8558
8377
1552
47
7381
1602
4989
4826
3923
4331
2799
6913
6741
8191
3046
1566
4679
3127
375
7063
9709
2933
8533
6457
4955
9058
9733
4288
6094
3651
9758
3563
9959
6844
3351
6599
5921
3713
4965
9184
4321
9967
5316
2429
7542
2154
9501
2343
8054
2836
4472
5446
600
1460
7502
8777
1584
154
2842
6097
7237
6074
5913
4652
9309
2932
8983
9968
5342
2571
5084
6089
304
1411
4286
3752
7178
2255
1945
6281
4077
6267
1312
9375
8164
4556
5878
3887
588
6594
2875
4106
79
9099
535
195
3731
6897
3671
8899
4192
138
5261
9715
5811
2435
8715
5193
3136
8332
2465
9432
1574
8242
6121
5147
3118
1032
7164
5022
4834
3344
5900
4007
4292
4164
9443
9895
8323
9152
2012
4386
4689
53
7834
4459
8736
6366
223
5588
8842
3180
7598
6923
2942
3812
6407
9897
6320
4196
8648
9276
5220
226
9470
2032
6758
8319
9519
6628
709
4414
7621
7285
4838
7153
281
6301
4512
4506
1904
8789
9154
8496
6752
7125
8391
893
294
8688
326
3767
2289
6169
9942
6675
3861
4146
2321
1508
8855
7807
6539
6594
6327
792
6989
4647
995
9908
127
8875
5540
655
2375
319
7248
5581
6806
8583
3378
626
1425
572
4012
6409
4792
9785
5925
7556
7926
2895
7892
4255
125
5169
5147
6265
5053
553
576
7663
9310
3434
3391
5990
9229
2797
8929
1092
1855
2739
6896
4910
4823
1952
364
9935
5344
7402
7121
1726
4805
4083
1521
1514
5800
3741
5482
4321
6023
7628
3316
9123
6918
4416
2924
3409
2973
4421
9551
7321
2048
3675
2342
9362
2329
8789
5453
3701
1482
3347
4090
2061
8108
7294
4188
6520
8767
7788
6811
2239
3683
6057
6999
9477
4070
6984
4934
3618
8800
130
5084
2154
62
8290
6411
9199
1669
1292
693
9702
857
7836
573
4953
196
5776
6277
6553
2832
2077
1963
2267
8132
9579
8523
7776
7598
6972
8972
5777
7671
3508
6397
6018
9890
9884
1335
8116
5840
2135
8325
7344
7370
4329
6460
8389
1837
6031
7352
3127
8424
9051
6069
8336
3542
4717
3860
1481
7163
5077
8634
7653
6258
9408
296
2861
7588
6414
8564
9425
2034
9736
1394
2326
8261
14
698
8420
8153
3645
1153
8723
1431
2644
2544
6817
2047
2678
8552
1110
6871
4546
6704
5958
9862
8008
87
6195
7082
7051
3077
1029
5451
5593
3939
2187
3289
5849
9928
2368
2700
7511
2322
6412
8036
4608
9178
7948
6448
5760
8186
4700
9218
4722
1800
4050
994
8334
9585
5147
9510
4711
8519
5289
7752
8407
4265
448
2081
922
4049
3308
2624
9878
1632
5671
1192
4984
7922
3667
9161
579
2527
8858
4701
9148
2224
4933
9700
561
2008
6631
4338
1795
8279
2083
2724
5905
6166
3347
3948
9667
8565
7952
705
7633
460
8694
3997
8789
3492
1910
4162
4333
5813
4465
7295
4286
5454
9998
832
9717
5090
9314
1656
4959
9606
4795
5342
5200
1081
1228
5473
6063
4332
3141
7129
9779
49
4534
3997
2214
4008
2075
8545
9523
1085
5161
857
2386
9949
1866
1399
5014
1050
5153
2050
6697
5120
6767
455
2088
8766
4645
5403
3751
5510
61
9365
6850
891
1534
307
9217
7575
4472
228
9878
2805
3438
2894
9726
705
2307
1460
2700
2189
2504
415
2791
5146
5181
2544
3955
5818
4739
9793
5625
7126
8303
7624
2153
355
7402
8713
5891
8245
1040
7211
34
1038
8083
872
300
6186
9024
1691
3369
2485
9680
7833
6310
4313
851
9146
6043
6009
8755
9444
4203
6328
2199
5255
4227
5287
3464
8454
5046
6737
1823
7763
238
1205
9692
8968
5829
4465
5646
5493
4785
6180
3852
5054
8279
1688
1793
5856
9888
3061
23
6290
1930
3544
9689
4073
776
7989
6224
2422
4383
8373
6266
9032
6921
570
3824
5809
6973
7157
5816
5121
7761
4032
1799
9592
5437
8600
3538
9290
238
7437
3130
3036
8884
1631
7849
5908
8246
1259
4303
6263
198
9069
5282
7732
9236
1517
5825
8227
8151
3127
8156
285
6101
7607
1381
1703
1100
5227
9498
9678
8857
8115
281
998
7463
9762
4740
2463
9821
9076
8510
9122
1566
6331
5845
9452
7292
7623
7654
8926
6605
5519
8623
5610
3234
2367
3257
2406
1207
124
3130
4886
3155
4790
4212
3212
2439
7268
4286
2152
3831
8903
6074
1388
6010
3604
5236
9020
1514
380
4918
3906
157
1178
3197
4590
2660
7338
8520
6698
6329
4682
7087
8427
8134
7694
2857
9465
51
6196
7948
5425
944
1473
1917
2953
7765
1823
2445
1123
4689
3016
8583
2637
4009
8969
1284
4650
557
6058
8707
6461
3422
7063
9469
7701
5364
2627
1637
5532
5680
1136
2266
1271
7180
4143
8729
7764
9788
31
4429
5552
9483
1456
3588
207
345
67
1142
9023
4943
8350
6298
9483
8737
2816
4197
4515
7464
2906
9205
6828
617
7154
9802
4812
4630
6955
5039
6329
6617
2178
3690
2172
4222
4516
6498
9673
3613
5695
8492
2852
647
5622
1943
1280
3887
5688
5832
1681
169
346
3870
6477
2244
8845
9647
5835
5347
6576
9788
8700
7772
1772
4002
2717
9705
3706
8501
1317
4172
3019
5296
8959
6471
957
1847
9576
1682
6391
4748
3643
9504
8386
4647
1827
6562
7205
5895
6338
8150
1571
397
2478
8284
4909
7656
6025
3223
1649