9981
1574
3733
1741
9614
4211
5580
3801
6605
8944
5226
9376
7738
9899
8709
805
5243
2307
5067
249
4835
6613
1219
2413
3412
2187
9707
4554
1450
3404
4129
9859
4026
6034
4917
3190
7760
5287
7205
3143
3268
207
8314
473
2406
4624
1246
1349
8172
3682
2078
5532
4604
3226
1037
7890
9382
2710
7873
491
6000
6762
9354
1320
370
8545
8958
5072
9845
7641
6194
4642
8617
7974
9836
1006
8762
9141
4954
6900
6513
8370
2575
8012
1062
7379
6419
3738
4765
8811
2620
6432
4093
4691
3707
6653
3509
7393
7036
87
7686
7193
4153
7443
298
9708
8966
8827
7272
9830
4401
4861
1191
7048
323
1840
7551
3560
1153
858
3093
3122
2100
342
1937
3905
8345
9529
7044
8740
2292
6572
2556
2211
2776
5454
1359
6493
4863
7013
2774
7764
1747
9009
5680
6377
8280
4268
6739
1176
4066
4762
5534
4189
4183
2056
3437
943
845
4049
6610
8466
7375
307
6961
9995
1588
5014
4160
8506
438
643
2834
7578
7060
4868
104
3319
9940
142
9826
7807
7850
7415
8184
6831
9202
6477
5382
368
8165
815
4359
9577
6713
8953
4173
6814
8943
6896
8077
85
3908
4175
9849
9511
8416
7238
5768
168
9623
7949
6723
2897
5634
5067
8125
8665
468
5158
3932
6872
5737
2323
1030
4452
4378
7395
6254
5596
5250
7001
6454
3055
2399
153
6468
2942
842
3810
2914
388
2832
6122
3866
7023
9102
2275
6503
6452
6372
3365
3298
3533
5409
1401
4910
7944
2864
8657
3203
542
6906
5289
1012
4367
9230
1939
5020
8160
8272
4825
9191
5665
1024
9415
6981
2362
7591
8005
8537
4358
1995
700
9592
8142
6250
8320
1849
5576
2305
3827
817
1133
4044
4979
1468
6348
9574
3480
8444
8677
2016
1991
6571
9937
2185
2393
3985
3477
4979
8589
4328
9631
1938
3155
5113
7580
8560
2370
2252
6287
9945
8266
5157
4487
6508
1831
2062
3580
9618
873
505
5620
1794
2868
966
3656
9397
564
9332
106
1533
2144
7354
3089
8038
8680
475
2819
3338
9345
7078
3528
6802
4141
7087
3195
195
4760
4734
9228
9126
6267
4724
6776
9052
9725
888
1261
6468
1252
7062
1645
8590
567
6197
7243
7736
2070
6307
7780
4090
8749
6680
6205
9557
1597
4914
7678
4899
8809
8098
2126
6726
8058
5854
766
8263
9017
6929
8646
8559
2611
916
8055
3108
1299
9929
5294
2049
676
1257
7867
8239
3985
7760
309
8788
716
3003
4750
9042
2831
2282
4316
7030
7494
2818
1772
6637
8666
9587
8693
8612
227
9436
9149
1549
8147
5500
9507
8354
9790
1955
3573
8257
7989
8864
5160
1400
1319
4368
2164
856
9309
3405
5799
1358
1427
39
8151
4033
9131
5879
5865
8613
2089
732
6500
7076
5344
9332
299
4706
2430
3740
9477
6688
3054
3234
2401
690
9650
5421
7175
9607
7870
9636
3461
3886
2301
3765
9140
3637
5670
8127
5244
3875
5637
1489
7794
5794
2960
4913
2937
3857
5397
534
6372
4831
4124
1589
8913
6740
6002
5608
374
1260
7974
7739
8362
9913
3302
5212
8466
7601
5733
3801
6598
9494
7735
2531
5739
155
1807
265
5388
8649
4893
2004
3470
8967
31
3695
7436
9877
5440
6559
2504
3638
8800
3351
6431
4409
6111
3229
9629
5787
5904
9050
6798
3098
8894
599
2751
892
8477
1661
4209
4941
9519
4676
6099
9912
8760
2967
7808
1305
872
9123
8220
6017
2395
5628
7146
2134
8028
1469
6268
6660
6634
6562
4572
6352
5696
3367
5074
237
3848
7075
9071
2179
7807
7527
1814
8185
2193
3222
8186
1568
4797
9875
5477
6791
8083
7907
4347
5792
2436
8729
4149
2007
7702
5034
2383
6920
349
2519
9202
1866
3042
6912
8995
5249
2627
3743
5721
8503
8669
6888
5866
6463
7870
8752
6324
5590
9216
3290
6891
6434
9119
4205
1374
8087
6253
2986
7114
1224
7318
7810
6838
5536
2225
5779
9028
510
8816
2902
849
1804
9763
9258
2290
1498
1727
136
5761
5272
8623
820
7065
3838
2817
6852
6409
7722
6381
9039
8872
4530
9956
6425
3376
1105
3479
1481
5323
2737
9575
4523
5539
1087
6431
836
8712
9154
2728
3644
255
5771
5303
1940
5015
635
5244
4693
8671
4572
3641
9011
4094
5686
4872
350
2576
3444
3552
6448
2648
7746
9817
5162
1067
9485
6338
1442
8052
9706
4986
7511
8115
179
773
4157
7339
4828
3596
7405
6151
3746
2614
2856
9357
4258
9679
9325
5793
6315
3689
6856
8209
4808
9997
2345
8528
3246
350
3126
6512
3921
1160
7034
7974
2009
1242
4975
2074
1385
636
6096
2264
2618
2407
4784
4402
2609
9342
6996
7533
8128
4806
9317
4889
7635
2073
925
9619
5381
8679
8559
5143
866
3944
5934
2889
5375
2061
7503
9347
5188
4367
9030
3004
2810
9724
872
2073
6310
7822
2247
3390
5241
3437
2073
6732
3044
2613
3598
1871
6312
6055
9587
1905
7546
3529
5571
8059
4498
1602
1263
6719
7088
2827
7443
9205
7157
9152
2899
4374
812
6110
4614
752
8452
5733
1883
1869
3644
4235
2812
2475
2595
145
5556
2613
7724
7583
2128
5625
5136
1635
9278
7212
4715
1063
4938
8977
1122
6476
37
4516
3180
5318
8052
6167
9182
1719
5233
7323
9129
3429
2461
5215
1783
4963
3941
8000
5120
2613
2762
7741
2496
2269
9356
4175
9739
2272
8336
4003
1800
8275
1510
9277
621
5373
2554
3646
8193
7906
5752
9381
8616
5424
787
7266
9912
1901
6486
8791
4080
3867
7565
9581
6251
7330
6861
7889
902
422
7741
794
958
2997
6695
8793
7330
117
707
7880
3988
9929
1740
1120
6236
3979
8337
6714
970
7368
6434
8824
3736
9298
9232
8699
8158
1553
6304
1725
5080
2725
9346
5935
36
9376
2616
9514
8580
4123
8105
4610
6554
3989
3534
1930
4097
4292
4208
8381
6853
6482
651
9056
9463
1085
1705
288
5937
8529
8844
1067
1908
1688
9981
700
1962
2280
713
185
4945
895
8535
2832
2855
7262
5860
1119
8014
8596
8994
4171
1296
230
683
8810
2005
2931
8303
5395
215
5185
4183
1918
827
9543
3111
8411
9834
771
8964
8732
4659
6130
5475
8166
4024
6721
4092
3284
6190
9684
8990
1606
2443
3615
7907
909
8013
1013
7302
1171
4259
8922
4337
15
9797
9831
4503
6722
7938
8186
7997
4345
5672
2563
2823
6865
6233
3867
9986
5708
5094
122
2052
9417
5947
8349
4673
3361
413
9766
44
8932
3587
1838
9262
4637
38
5736
2186
1987
5931
9583
545
1735
8252
942
6247
7134
6614
2850
4711
6248
4026
3787
740
4520
6388
623
5244
5930
987
9112
3210
5968
5029
95
9755
9890
9615
8332
1397
2523
9840
9375
4544
8829
815
8041
1436
699
8968
3780
9284
6466
8024
2247
9443
9874
8314
6664
2594
3113
2861
4713
9896
761
7553
7323
1201
7203
6302
8777
6870
7411
4646
392
9027
166
7596
2431
5976
3652
8571
2915
9139
3269
5306
7830
328
7645
4686
8376
6231
1149
7213
1164
9260
8936
2864
2973
4401
9549
4880
7285
4197
8892
9784
2805
928
5829
304
4972
9645
420
2185
6033
8453
2737
1474
6911
8406
9899
3263
5276
8816
3884
9373
2570
2434
7438
9127
5314
8951
9893
7019
3475
8045
7256
9742
3105
2766
5193
6147
8972
8340
8499
3004
978
4636
4102
98
2014
5983
1494
4777
1720
164
5717
9772
6355
7609
1126
5371
9278
4761
3685
4270
2845
7744
5775
3330
1742
8183
4314
8660
581
8777
2631
9311
694
3737
303
9776
1815
8516
7956
7137
9009
8459
4763
3962
7069
2293
6666
7276
2659
6760
4893
2101
6099
1751
8488
426
9900
5083
4923
4905
635
421
2676
2707
4278
3116
5598
9069
2865
9351
3445
2082
5249
9731
3632
4011
9303
3916
303
609
2885
3546
4005
7757
5271
2841
6362
5553
2894
5678
5481
9776
9404
9077
1700
7813
7378
4231
9291
2575
1825
9363
5140
3306
9090
9345
3534
8786
6267
8664
7038
9883
4030
5643
2984
8979
6993
1012
3691
141
9647
8072
3329
209
893
8912
5929
67
9123
389
9797
8129
3495
7545
888
8484
9476
5314
6464
3437
8559
7649
4349
1523
1498
970
6952
5411
1194
4092
1333
167
4774
1907
7049
7154
8399
1783
5475
6541
7289
7625
948
7006
5585
3711
1829
9357
7796
7268
185
1136
9679
8074
2894
2776
4468
2508
8743
9800
9729
5755
4857
3566
2684
9947
3914
2923
4978
8803
8427
702
6976
8390
7956
1061
6724
120
47
3227
4033
2803
843
6488
4828
4544
7197
7032
8309
3247
3642
8848
8191
9291
4746
438
8277
2657
8440
776
9701
7796
9982
9124
316
5111
3024
5002
3912
3691
9307
8263
4824
3780
4616
6742
8607
6528
2943
4946
3235
9424
4740
2951
2463
4533
1698
9843
317
6774
1437
5239
4668
5174
987
7848
1101
89
5371
7891
3480
570
2911
997
5421
7398
5080
534
6418
7282
7950
3907
3125
2659
3274
9132
1148
1222
4440
9454
5004
4223
2162
7635
7080
8235
2598
196
7902
4532
5813
5226
3233
3063
4390
9529
4532
1500
5189
7817
972
1351
6553
6743
2083
947
5395
6302
2435
8175
8212
8588
7213
8835
3450
3907
9593
2551
659
745
7571
9459
7842
9569
6588
3647
5901
9596
867
1568
3009
4073
192
5509
5454
9476
1098
4576
9702
8319
7912
123
6044
6310
3844
4531
7585
8460
3165
1760
4814
952
9960
6598
6335
6521
8224
5058
3525
4566
6712
7770
1981
3161
1603
5428
883
5598
6785
9038
4256
6920
5693
457
9421
7412
8909
2894
9636
6256
9993
9357
8921
9584
2285
5429
9259
7973
2397
814
9173
2029
9922
8682
2791
5142
4663
6430
5943
9282
5118
2328
4723
4199
9612
8626
8661
518
1987
311
4412
6576
4025
3025
6777
936
7900
3580
2136
4883
6650
4833
5366
6146
9990
6472
3407
4599
1842
1893
4363
7133
5576
6483
1831
5657
4869
5662
2829
5868
3895
5569
2943
7022
3360
9829
8696
8711
7731
9125
2397
9536
374
5810
7375
5072
8816
5119
8531
9456
263
3917
5863
9847
5099
3776
6672
6026
4791
357
6373
6907
5781
1957
5344
4267
6793
7007
7279
5741
8710
1356
3765
4339
5679
6607
7815
7982
6796
2348
3494
7565
7486
7571
864
2180
1398
3818
9653
781
3208
4670
8271
3871
5705
6132
349
2755
8536
5763
6648
567
2708
9597
3515
5841
4193
1051
9012
6808
834
4962
5668
8239
8207
7802
1471
710
4053
9510
6658
5353
626
6614
5327
3066
7625
5899
1310
2410
8109
2809
6592
2164
9340
8090
7274
6809
1973
1743
4213
2547
8682
71
510
785
657
3698
8406
6669
5362
15
5114
7752
5948
8676
2704
5024
6126
8791
6568
7890
5253
9769
6060
9293
8277
6424
4297
7470
7155
8587
4299
2489
4797
2186
2829
9157
9694
3610
8439
5412
6475
5632
4263
7553
9077
5206
4918
9003
3570
5469
8328
7823
4856
5589
5245
5952
9828
1587
3922
9088
1658
9718
5097
5386
1622
1440
8278
8393
5048
3124
4871
7423
1897
1939
6625
1895
3189
5926
3328
869
7904
7427
8717
5762
1871
8176
100
3536
287
1827
4836
6457
3634
2562
5395
4986
3718
9832
4738
139
3810
4083
1634
3526
1899
341
4663
4322
8364
5682
15
7208
8180
739
4073
861
5358
2264
1928
4266
1950
256
5405
9210
4969
1528
297
7012
4352
7694
1637
4407
2766
9454
1072
5232
2387
1202
201
7898
9374
6657
7625
5519
5472
8391
2447
164
2614
9443
2144
9372
437
7081
2165
8241
7695
3778
4562
4507
6832
9333
6720
5178
5347
924
9625
4459
4925
8515
5501
9822
5346
5553
7723
9089
9164
4823
9814
2232
7995
8434
9528
6745
816
5857
7878
5123
2797
647
2349
1054
1670
1779
9515
2411
1094
3990
1518
8870
2121
803
2780
4854
523
1097
8949
3948
9297
2651
1671
3728
727
6584
1096
9028
5837
9068
4926
918
8490
1615
569
274
454
3164
8229
4684
3810
2257
6270
4051
2124
2726
1246
9914
9996
2500
3127
7094
6217
5296
6734
6516
6762
1889
5364
3633
8781
5165
4843
2730
2166
8560
6186
2540
87
1968
5553
1832
9801
8483
936
2032
347
5245
4013
9838
4773
1686
8553
7487
5644
6502
6948
6442
7692
1387
6621
2375
2977
3343
391
6723
996
8238
4653
5616
7092
857
2275
6090
621
127
3341
5782
6515
7048
6950
1170
5643
434
5577
7513
8982
2651
3911
7130
1646
7841
5716
8479
5888
7750
1870
65
3038
4181
8497
5250
3010
2488
6069
2106
3040
6029
1638
4443
1664
3772
2473
7739
6102
3735
7224
4800
8687
3988
3120
6807
9429
3940
5437
1533
6936
9107
8978
1694
3638
9129
9106
8648
3663
1680
1175
9214
319
1056
1829
6645
3498
2208
2162
9295
2658
2475
6502
7126
3012
9001
6367
5198
6747
3187
9489
1338
7547
795
8630
2135
3499
5840
7962
269
3310
996
9336
9934
249
464
9376
4688
7376
5228
441
9354
7777
6917
9398
2284
1098
2100
6376
9968
1490
7044
8995
3530
3069
4609
2879
9638
7742
140
2429
9333
7218
5811
1345
1714
2739
8265
5029
8257
105
9091
2406
745
3981
3082
6122
8908
1585
4911
7466
5043
9405
5463
3775
430
741
2505
5462
350
53
7696
4465
5773
6814
9099
5475
1823
5685
5962
9590
448
5645
1641
9545
2914
8598
6330
293
6952
6034
6823
2606
9837
3282
202
1670
2086
7838
8318
6064
2895
8934
5541
1627
4898
1954
3406
7896
1306
3551
5220
9321
7670
6710
6393
7232
7391
4951
8806
2473
6207
6958
7296
3543
5129
1810
6418
5084
3346
3422
9226
9690
7296
4357
3630
8945
6792
9486
696
9612
384
7015
3822
8156
3239
9625
2280
7743
7924
9142
9084
2421
3638
8101
8759
2796
8986
2679
4345
4395
5124
1594
4479
480
5980
3369
2742
5199
8431
2611
9710
3001
9518
2180
2419
4423
8972
1127
2388
2276
7248
1447
7030
3094
5897
6846
3036
7448
4866
1343
5703
1083
5679
5788
5718
9191
9429
589
9106
8680
6255
9659
2494
149
9012
232
2363
5560
6888
5325
5941
2461
6222
8136
3790
548
8704
8544
5694
5375
6760
5947
3075
8273
6577
8961
9124
7970
5863
6673
8962
9283
8635
8664
9853
1696
3992
7045
9032
9950
5497
2835
3673
5016
3013
8079
1038
8220
167
3209
4155
4375
3285
1873
1809
9568
2002
9049
6344
2075
1744
8346
4287
4759
4323
299
4359
6351
7926
3605
3571
2199
9461
3631
3188
3261
3914
7529
4248
9818
5675
8311
6293
3103
460
3393
4661
6605
5267
9025
9883
4409
4046
3789
8560
9842
3600
9726
7681
1203
1091
374
8162
5296
1577
7162
5475
2629
4693
3721
3302
5612
2953
9950
7651
478
5668
340
6027
192
7306
6285
4946
8430
4731
4255
6120
8110
2170
9504
6979
3437
4604
8209
3764
9853
5708
411
5886
9672
3916
1149
7077
3542
3630
9188
4349
1952
6404
6415
4814
9961
5244
3317
1063
6987
3009
8901
808
3868
4237
8672
287
5981
5957
4647
6525
5794
5236
6365
2306
8213
9467
9595
2733
6616
1104
1616
7263
6694
2248
6380
8346
7344
5877
8861
7746
8672
5430
4983
3002
8270
7265
5635
3057
8200
7585
3486
3880
2279
8824
6052
4832
7820
2991
7152
6054
1273
4464
8027
2794
2336
8605
7108
589
4425
3678
1581
399
7952
9404
3896
526
1116
6313
7105
3606
7782
2984
3686
897
1826
6566
767
6445
671
2935
9542
7027
9121
8167
3881
3070
9775
5322
5530
4543
4227
3591
1562
1866
3460
4149
8983
9199
7132
7683
6205
485
2047
2585
4686
8105
5511
7591
2609
448
3243
8896
5646
2541
2833
8097
8802
5423
8700
7501
9948
5251
3823
1966
6422
3371
8230
9647
4318
3021
3885
3107
1504
1497
7830
1068
3929
4880
8351
9243
5098
1007
7200
6163
2759
3655
9519
9318
7464
9997
9710
3901
4616
5343
2936
3138
9940
8625
3236
329
209
4528
796
3916
1432
4340
8487
5371
2847
1497
5854
5640
4146
5440
2802
373
3142
4645
9458
6542
1280
747
6262
1929
3520
2201
9881
7827
197
5983
1626
4014
5599
4919
3504
4360
1528
6051
7680
427
7565
3076
3275
9906
4307
4803
7630
7586
978
3333
8251
5806
7083
4252
1823
9727
1610
4795
5538
7116
5630
9836
2323
7277
3827
9289
834
4597
1437
9137
5805
953
9934
3364
924
7405
7763
9649
9395
1152
4690
7572
4435
9867
6818
7766
6577
8407
7258
1791
9539
5445
9704
4354
4439
5991
9865
7296
6416
9108
3981
3176
6926
3646
2934
4389
5397
9471
6890
9619
1742
9677
6666
821
9499
9131
3584
9855
2359
1068
3043
5596
9937
7936
3611
610
1598
8009
3821
649
6711
5315
4730
8478
4280
4787
2753
7518
5024
5403
6641
1114
9008
4062
2325
4005
9247
222
2153
9662
8018
299
96
7656
5499
8698
7245
1834
338
7513
4361
4784
8429
6135
2003
7344
9919
6560
2863
1807
4911
4790
2741
2829
6034
8660
7052
6438
1769
9808
2708
5367
8791
917
8652
5322
5375
9140
271
2560
8201
5999
2865
6835
5513
7212
4912
3048
7685
7806
7792
5110
7953
4536
3458
5077
8176
8904
8186
6657
5961
1084
6873
4593
4824
3369
714
4166
2123
9122
2485
4569
3009
6347
9347
7220
701
1426
4943
3402
3318
640
466
9564
7465
3944
1725
2016
6762
9539
4254
6297
833
7171
6186
8276
5298
9581
5627
4422
7527
4102
7973
5175
5062
6282
8124
3096
4378
4520
445
3265
7014
1300
3095
6156
3244
7059
2233
1088
5623
5673
3785
8402
2018
8027
8599
7190
4862
4112
6944
3224
9473
8608
6819
3704
4743
2717
555
486
1115
1277
8423
8329
6626
1684
2781
9130
1785
3222
5834
1345
4782
9656
6440
2308
5222
9092
841
1704
3684
416
4260
3443
3307
3478
5726
8977
3600
6985
5763
8527
4934
2972
8674
8557
910
4397
7083
7397
9725
6395
3135
4487
6529
5845
8384
836
9254
5477
7714
1389
1857
9004
534
1151
3660
1287
430
4665
1530
1162
4317
970
2711
9327
987
3912
4402
7849
8206
4297
2857
7651
6131
1292
8508
8118
8250
1589
3104
4121
4220
44
843
4280
3017
7820
1654
3590
5950
5366
3637
1242
245
3011
3280
620
5157
9782
258
6730
6749
5028
6689
1986
4242
4972
8995
3951
4769
3730
851
1402
4632
3600
7708
6912
3036
483
5297
966
3319
2498
3266
8885
3402
3809
1626
6903
8957
8271
4773
3752
670
1666
4524
4359
8971
1694
3
407
2241
5677
9887
4425
9022
5810
350
6237
2858
6570
8102
3235
8840
1620
6028
1087
9983
8599
2371
8126
7877
442
3107
833
3351
8208
5531
9665
6374
3198
9945
5130
3399
5864
2825
8103
622
7891
1350
9884
4171
7640
9681
6791
4181
781
5787
5494
4655
5591
2708
8177
3945
9309
4999
8003
2995
4121
8461
693
4321
3312
5787
9956
3488
8087
4955
5625
5230
532
1220
1192
8238
142
7559
7718
1366
7122
7586
7039
4217
2208
2628
6707
2077
3169
6726
6471
3391
3916
493
3098
9736
4410
1957
9004
5609
9561
6424
9103
56
1366
9674
9411
8996
773
2738
2093
7199
4658
2303
8728
5337
2113
6152
8843
2870
65
5576
2452
3528
4261
4191
8595
7990
6514
1960
2026
4184
7537
6870
838
4008
5899
4546
3509
5514
1846
370
7644
9433
5455
4870
8305
5450
2248
437
6080
2203
5214
8857
9310
4036
4679
2258
3533
3304
4541
4614
5700
5019
1977
355
5662
7481
678
9574
1969
4853
5901
3448
4136
338
3597
8389
3814
1515
4991
6116
5635
4836
5559
7295
1792
5625
5179
7148
4171
8178
3300
1680
9548
7624
6415
9906
1104
1776
9514
7785
3959
2018
9034
7767
7211
8448
5909
7641
2126
7535
2643
2155
4680
2150
6501
8503
4432
160
4098
6924
2594
7091
3926
2775
7968
7116
2336
2227
6243
2382
8262
9196
4234
3231
2830
7235
4844
802
742
1356
4316
6840
9976
3086
5787
2564
3626
3879
6863
3390
8391
9662
3187
3170
45
9986
3522
1550
7679
6021
5465
7245
1533
9845
6933
9019
3106
4585
6788
9898
786
1042
1795
4127
9646
8683
5283
8086
7353
6315
9493
8104
7950
2744
1370
610
9533
1144
7417
5328
437
1556
8348
9689
7138
1968
1988
3552
5779
4708
3220
6303
7614
2046
2834
7763
6254
8259
265
6213
8411
7881
4202
6286
3288
3906
5239
2471
3833
3190
2153
4938
1851
4143
6302
9662
1347
810
8509
3717
5215
6291
3950
2749
662
4085
7207
9050
7420
8422
7464
3617
4638
1746
4868
1149
4684
2115
1719
4734
5274
3520
5754
1156
6262
88
2812
6103
8477
5322
7863
6924
5328
3313
6649
570
9642
746
7490
1789
1437
3898
4277
5499
9173
4218
8407
2212
8359
4247
8037
5817
2318
302
7556
963
4424
2812
7716
3452
7517
5062
8687
7513
7235
6167
2057
5986
3328
1820
2500
5310
7219
9162
3444
3183
7419
8305
4055
5427
6011
4633
5998
9904
9537
3743
4477
5721
619
1290
4967
7217
2825
6951
5068
8613
4420
3869
4031
4230
4222
4173
4735
2915
5017
3766
8659
2447
3381
5270
2743
3597
2202
9250
6094
9338
9236
2238
8590
7632
3869
8677
6340
9960
6361
9327
4420
3727
984
6141
2363
6325
1423
1826
5543
3668
4182
618
2113
2215
5538
6592
4391
9532
2940
5181
4790
11
7398
1683
4832
1168
6330
8473
5972
8106
1661
5627
3244
6338
4020
6559
8577
5603
2431
5623
4445
1400
1663
265
6908
4748
7547
2807
4241
1572
7885
5165
7942
3604
794
5188
9505
7611
1686
3805
8044
7004
2909
6983
5602
7851
3799
6633
7713
991
2634
3709
9290
1411
150
9306
1869
4661
8696
6821
594
5088
8769
7392
6928
8346
5262
1179
798
4645
3642
1046
3953
2810
3917
7656
2840
5381
7531
3275
5930
761
3444
8126
5607
807
8649
297
2112
9102
1140
6219
6537
7013
7201
6893
3604
8365
275
581
165
6875
4934
5105
3813
1054
8344
6784
34
9882
8078
7407
7389
4754
1560
8058
2570
8420
7019
5574
4885
591
6682
3587
6253
3388
3300
327
3980
1791
5850
6645
4598
5793
5877
4627
4754
7263
2639
6579
9715
5933
5742
593
6545
1170
7083
6442
9628
2745
8016
8568
6112
3951
8223
2732
7391
7011
8826
1378
5650
8778
1702
9195
6869
2954
5349
5283
1223
7348
8898
7070
7244
675
9043
8032
3151
8803
8037
4249
6423
9477
5741
2194
7566
1718
5989
1449
4387
9858
2289
3869
9840
9894
9247
9797
809
4942
1557
8777
185
8564
3255
8528
4371
8573
1625
7683
1088
9191
5841
8040
4365
284
8081
3906
4477
1876
5899
533
7096
6338
5726
5248
6021
2466
1035
1370
9434
5136
7825
1266
4495
5177
43
3271
5997
358
820
5256
2581
4084
2861
8327
3326
9406
3218
5829
2955
5733
9805
5919
2427
9144
6818
3630
1466
6531
36
6142
7348
5500
1513
9238
8000
8123
7792
7780
4383
1073
2810
1607
6013
3027
6287
2910
909
9903
3415
4710
7878
141
83
9040
6460
6386
3931
6889
4406
6076
3441
8651
7433
7429
4736
4121
115
9927
9420
2668
4121
795
5617
6123
9347
2480
5169
9693
3863
7053
9329
2171
4250
7075
1673
6867
6232
3507
3727
4730
7770
1955
745
3942
7744
6143
9864
9714
54
3382
307
6724
1497
830
928
6259
8735
2512
2614
2940
578
2084
8974
6856
9082
5651
2655
3216
9475
8630
7174
8002
1121
4965
7907
3465
6119
2527
9694
9389
3494
5230
4831
7482
4946
1816
4899
8058
2562
2290
1295
4482
1288
551
8397
285
8136
5913
7116
8657
8188
2492
3987
277
6681
6824
9726
5498
897
5505
3924
402
2260
8890
1721
8646
7293
6301
9949
390
4477
6807
5000
6133
3376
5876
6329
7764
1304
4378
2332
9320
7723
2147
6864
8595
6555
7113
1037
1525
2996
1317
4516
8643
7488
7245
9161
7083
7618
599
4971
4980
8527
5136
150
303
6809
9762
2063
1658
7544
2062
1360
6084
1211
1294
6359
2721
1205
927
1467
3012
1112
2860
9217
734
2257
3090
8704
2039
2473
216
6189
9428
6922
2192
6316
1419
6803
6685
1936
9739
6928
8580
440
6554
3277
3023
1538
2239
9709
2730
1821
4800
8046
2856
7831
6089
6056
541
2456
1624
9474
6155
4820
5591
3456
4744
5583
7900
6939
1442
3711
8594
5833
2250
1554
1682
3303
9813
5057
6755
4989
4655
5062
2307
2209
5547
4834
2308
3453
5697
2031
4826
6176
7523
8560
8459
4920
6983
6114
5117
4868
2766
2427
3715
7962
8947
997
9913
6737
1403
9133
6601
1287
9151
7670
6153
896
7317
2518
6316
1408
2643
6270
8244
6925
8612
1413
8719
3528
6659
8404
3842
4784
1023
4133
3693
5336
392
5093
1585
769
4102
8459
7644
5975
4565
3966
8097
2570
4693
9062
9225
7255
166
1840
1981
7153
8897
2889
6149
5595
4430
4136
2530
3873
1538
1192
7152
9165
7383
3932
8053
5201
7472
598
5319
2098
5933
8395
7325
7749
9665
7604
1830
3269
4123
5227
1876
7352
9206
3399
1706
7454
6947
6597
671
4193
5029
341
7031
1261
3739
9391
6302
6839
613
4350
1991
997
8352
115
84
5242
5232
4807
2321
1909
9749
1623
9607
9452
5402
3458
5596
2573
4283
8827
1468
9714
6969
1104
1587
9736
6333
2637
3405
4112
8083
2853
6508
4716
4915
7880
943
3221
164
8540
7187
8539
6511
2811
8505
679
4027
3103
430
3249
1278
8943
9789
8447
9079
9979
6038
3483
3765
1763
5480
1444
5510
943
4094
3731
2858
5837
9406
1845
398
9149
9532
158
7504
8012
6315
5724
1568
6453
1621
5110
4923
3609
4042
5929
2987
1033
546
5346
3732
3198
1387
8929
2327
3021
2963
339
901
7063
4048
533
381
7991
9727
7190
8227
7243
4311
1213
4476
6773
6617
5382
9622
5291
3123
6009
5882
8719
3253
147
7545
6130
5350
957
3913
9850
4408
5574
1763
4994
8022
1537
8699
2215
3292
6756
9853
8760
5282
9610
334
1661
7375
70
4564
1708
7976
5688
1318
8155
4137
4936
4848
3329
3357
9474
1291
9277
3174
3036
6209
9281
3201
5710
5144
2959
5524
4636
7009
6242
709
239
3357
4563
2117
4521
7563
2685
1423
3359
5082
3690
4459
2002
9045
2065
5072
343
2578
549
8735
514
5724
2984
3498
7643
5751
3054
8501
6801
3653
916
5369
1057
991
5493
1018
4248
4249
2752
158
288
3864
5795
3920
148
893
9873
9848
3807
4477
9305
5500
6386
7033
9939
9137
4730
1638
7870
1671
3103
6234
6674
8478
4669
5402
2407
8584
8459
2273
7047
8679
342
5532
3451
432
7354
94
8726
1128
4246
2066
3750
1310
9746
696
7169
3032
17
6992
5770
4026
2986
8812
3245
9994
3278
8766
7569
9378
5580
3630
4052
4650
9308
5378
1453
2911
1091
8576
1863
9077
9894
6105
2212
9095
839
1974
534
6866
2239
3774
2533
8917
8799
8234
2648
4529
1034
3198
7383
3421
9000
7428
54
2073
2882
6858
7760
912
5165
9965
4223
5213
3391
9082
8003
9816
6936
601
9011
8790
4173
1606
6735
5556
6454
9547
9167
6449
9770
7177
6374
3305
4557
1272
1839
5879
7106
9902
6542
6328
8473
7476
5574
3431
8404
9110
3354
1332
1608
629
4566
8808
4487
6867
4784
7646
800
7263
8938
4525
8978
331
42
8830
5601
1242
331
6893
9211
7892
5495
1291
6881
1891
6573
1904
6566
2418
5406
7550
9139
4048
5573
343
2435
8208
7079
5670
2258
2707
8701
3033
7884
8853
6654
1956
4592
4037
1507
9832
6598
8322
9056
8849
9818
3057
2273
5514
7248
3605
6207
9662
7725
5981
3928
614
5614
3544
7674
6868
459
5889
5006
8829
3447
6991
1145
4561
8507
6406
10000
1978
3572
1152
8499
9176
3665
1578
1719
7979
4198
5595
7627
6989
950
7702
9607
5275
8680
7729
6281
9178
9377
3769
8885
2192
9291
9250
2814
7910
8332
4653
9290
1909
884
3289
9631
8052
3536
7382
8619
4427
3743
3153
899
677
8088
4107
3605
8233
8310
4300
4146
455
2763
397
4424
6751
3281
8777
7282
4496
2191
425
1797
5129
3192
7599
9149
1798
1511
9224
2035
2220
9601
1037
4519
5805
3060
571
8293
7574
5092
8795
6450
6550
7789
2429
4290
348
5764
5037
2491
7083
7392
3491
803
3966
4483
6177
289
7226
9490
7658
7617
4425
12
6565
6233
667
8682
772
4148
7237
8561
6016
908
288
718
3779
6628
2490
7305
5649
7655
6646
2627
6673
5883
9846
5536
2871
9594
8503
6895
6408
2991
7120
6901
5386
1415
1474
7143
8675
5865
9051
5633
1472
7126
9704
2288
2721
3138
3238
8387
7445
1562
2227
1901
6032
1927
5670
6190
7921
9654
976
9572
1664
8299
7265
7066
6393
2649
1138
406
5954
6968
3068
3210
3575
9677
6839
2147
990
9202
9732
8218
2236
4735
1139
7561
8620
3940
9538
4888
8614
5007
4825
6536
5443
2511
7304
8876
8977
680
1
1305
2424
7334
479
6767
6622
7345
1239
1202
150
7961
8556
4581
6419
2472
3983
9390
90
8169
769
1842
6238
986
3728
9676
3870
6206
1231
5380
7356
5689
2602
9581
8695
6073
7220
6540
6795
1545
8436
5271
4833
52
9847
2851
999
7086
562
6884
3680
7407
3409
6973
6593
207
8206
3639
1010
561
4773
7722
4772
8524
9400
1582
4287
2269
9796
7033
4014
5860
4091
9242
8947
9253
2306
4799
8711
8185
2603
4825
6193
6909
6504
3429
345
312
3106
881
2949
6421
1356
8419
2496
4758
1477
6113
3814
5054
8415
9788
6465
7312
3579
3986
8427
8258
7054
8776
5451
9063
4581
2019
6808
139
6881
745
8573
6995
9593
2635
8999
5310
5375
474
1066
8182
6574
9259
5865
1434
1551
7900
4152
8258
1118
4901
6797
8013
5207
3692
6459
7686
3789
8340
1046
6648
1468
2337
800
4034
1948
7376
7353
9178
1980
7700
2763
8482
8389
7853
9621
9859
2932
8182
4413
4325
6275
3884
9727
7644
8641
8020
8536
4110
7048
7477
2361
1455
5600
1946
6762
1708
9120
9521
524
7310
5895
8204
24
7791
4877
8367
289
3076
7728
2185
9343
7973
5926
6526
7239
6107
9577
3372
5500
680
9026
3626
2703
3016
19
9139
7462
5792
1832
4105
1396
6192
6235
7747
2913
6263
9585
7729
9107
5682
6297
1520
9525
1801
3510
8989
2272
458
8131
3510
326
5814
1803
3094
5773
341
8517
3730
6714
8686
315
1512
7196
5987
2019
8451
9268
7404
2517
5199
5309
6137
2594
2461
1733
2771
4664
3671
3105
7430
6204
1807
5706
4834
6907
1593
410
7712
9677
3814
9895
6955
2571
4188
9034
9870
6867
7388
9402
7038
2462
6835
3719
2721
4766
8216
5621
4445
7341
9293
7270
3405
2685
4523
2662
4979
2878
5223
8052
5786
5523
4560
8443
2249
7287
22
7280
801
8297
7095
8290
9308
5369
4323
1025
6982
7153
7275
7327
9897
2519
7162
2110
9800
9455
5051
2852
651
4959
6350
467
6043
4115
6968
3729
3578
9603
4377
2887
6289
1334
181
4831
2948
6359
822
3277
3431
213
7898
8776
453
4197
9305
4327
1079
3040
922
7381
7597
1871
2394
6989
6071
9133
8012
7987
7981
4624
1266
308
8408
1179
2337
2058
6281
3426
6797
3287
6702
7485
7280
9211
6276
4318
4122
7065
1142
2437
3040
289
2764
8176
9484
8834
6089
5097
6638
2568
4303
9257
9168
3088
1230
7280
6201
1042
3288
5316
1743
5584
3202
6177
4206
3599
3374
2550
2819
3509
7625
3165
9474
666
9710
3904
5805
8501
5410
2939
5151
9081
7195
6795
9679
41
7702
4949
658
738
7400
4393
5193
2290
9067
3388
5993
6352
6217
2621
9862
2532
368
8635
1086
8762
2825
1397
1500
5995
9205
2995
3690
4867
5824
512
7534
2460
3028
6493
3092
2980
4083
8469
9327
6652
6032
1973
3817
5772
7492
20
3594
6918
6364
5083
895
1651
6371
2475
4570
9630
7115
2019
4611
7599
9369
1990
3096
8592
9478
1608
2201
8308
6156
4580
4257
4625
5370
6005
6407
7071
1031
8074
4114
436
1200
6471
6594
4450
1900
7644
9465
9801
8266
812
4547
7391
6879
4251
3697
4645
5419
9396
4573
4159
6712
3212
9328
7747
9997
3872
6711
5907
2142
6636
6917
4560
2447
7953
2249
6917
6776
1697
2115
8189
8354
8887
7401
4829
8937
3502
5454
6028
8717
3330
9178
2671
7157
4788
7304
3778
7199
3863
6467
4180
7113
3075
9102
5735
1171
5613
9260
6710
6635
476
959
1076
2830
3495
18
1674
9606
9177
8521
7260
4729
3468
9949
1613
7228
7293
4373
4579
8010
459
4581
372
8567
1291
4674
6116
356
2753
647
8831
4353
4228
9885
5907
4530
8165
5670
5426
7002
6145
9240
206
815
7615
290
561
6356
2794
3824
6738
9065
847
8895
6364
9906
9716
7738
4672
1088
9893
9315
8763
7597
8013
5600
7899
2447
7298
3194
9737
7603
5831
1995
1493
2628
8308
8619
4303
3370
4066
299
1491
1822
9011
8822
4788
9056
4531
4611
798
7889
9426
6626
314
7914
3787
9531
4285
1220
5494
9930
5670
3948
794
7904
5477
6064
7914
3079
2653
3509
6550
5197
9798
5412
641
3964
2269
1480
2834
8417
4493
50
7387
7747
4858
3455
6652
8549
2684
5551
2938
3805
4473
1143
1798
3792
4897
9229
6025
5293
8031
8151
667
2056
3657
4551
1854
4126
6385
2679
6895
4080
3819
7361
3754
2994
1114
9364
6793
4168
2187
1193
1491
2831
7843
4206
8645
2679
1701
710
4942
4761
8768
6134
9749
7164
2973
6993
616
3079
5216
3438
3789
2217
4436
8683
93
3641
8782
9345
8863
4991
6473
9316
1369
8926
9869
6867
4577
1902
1027
6158
1574
6464
3752
2959
3185
2785
8228
9506
7217
5382
4778
7726
2393
3241
647
1317
461
7173
1068
1904
2815
7254
2228
5447
6136
6182
799
2587
2030
2377
9674
2201
3135
3320
7880
5775
535
7916
7997
6679
4596
3458
8585
2492
1072
2770
1277
1320
1289
6049
5070
3114
6226
3146
4048
2131
7564
7305
9574
3715
7823
6744
2413
4722
2123
8992
1033
4061
1632
4396
2144
561
2768
5877
650
8655
5841
5074
371
838
683
3620
6852
4827
1185
8048
1487
6877
2182
3305
4791
722
647
4026
6723
2780
2034
5473
636
8658
4337
6311
2482
7098
7828
7194
3001
9490
1908
5989
7392
5981
6965
8596
2927
5449
7363
2808
3140
2807
7450
4433
9198
448
5264
4911
7303
8233
8561
276
3388
9221
4256
2715
7090
9071
6540
8543
1112
4767
2032
1133
3172
8055
2471
2951
4975
2471
9517
9562
5706
7112
1410
1792
6566
3880
5656
8820
1891
7162
5860
4377
114
1241
4187
686
6747
5471
7327
8896
2533
4029
6787
4224
607
9880
1592
4578
5106
7131
2016
3031
5183
3613
8235
176
3276
6307
1197
2831
8557
7949
3083
4291
4293
170
2230
9919
9041
5863
4311
1237
7039
2930
4644
4403
7716
8619
2375
3030
1254
7534
3211
5292
8420
1317
9982
8878
3755
6131
937
5267
1799
5684
6054
5298
8744
8600
9440
3897
1593
5279
80
2859
3117
5800
4360
9607
5654
2347
8241
7474
1933
6050
5687
6496
312
5654
8221
3687
4673
1590
2832
9394
8444
1874
8777
2031
9237
1083
8976
3830
8933
9077
7339
9497
1085
1007
2425
4455
6383
2102
173
6465
8620
847
7096
8580
3213
5309
3168
8051
4609
8456
2634
2514
4550
2135
6481
4319
2959
6695
6902
5086
5942
3204
7939
2012
2196
5757
1019
575
5262
6701
7124
4010
8958
4414
1131
9503
2235
5191
5862
5958
8944
7413
9774
9901
4258
8410
5899
9281
7714
7442
4097
6848
6678
9707
1695
4993
9849
9710
1460
5383
3049
4547
2020
4335
1205
7049
5492
105
5903
8508
5936
9301
6162
3961
7021
9940
4043
7234
6286
2329
5781
5952
7790
5325
5236
5607
1274
6700
5104
9806
3456
9031
6220
9291
9365
3414
7304
450
7618
757
1312
2371
5752
1698
417
7167
8451
128
8
4466
671
8273
381
4901
4898
8112
2848
4952
5250
3834
6842
1301
1605
2727
9785
7777
179
2627
2825
4430
8131
8984
1730
6924
4503
5587
5465
6384
3394
7219
1248
3821
9925
9548
846
4514
4163
152
6844
9573
3185
7448
778
3323
3600
9305
3482
4815
3595
6483
2948
878
6530
9198
8731
8401
541
9207
227
6575
4676
8272
2016
4126
349
5567
2578
9202
9883
9760
6077
9770
8296
9095
1758
5463
1046
685
1555
5011
4437
4070
4215
7151
9085
8932
3468
7068
5582
7395
4972
9882
1408
2557
8649
878
5117
9444
5324
5876
8298
9106
7161
67
8057
339
7252
9147
7270
3413
9750
9747
8029
1282
5722
1312
4392
4020
914
379
5271
9488
1951
219
7241
5949
2436
1067
9807
6367
8080
3811
5567
639
1418
1138
145
3085
456
2756
8338
2581
5830
8464
6514
4064
5053
6072
7340
6229
5125
2736
9735
5676
2974
595
1435
3266
5525
6655
756
594
4109
8008
6703
6862
7809
7526
227
2894
3885
8160
7133
5732
2362
4400
9434
1684
9458
334
4475
1135
2283
6557
7225
3875
4961
6315
5793
7868
4786
2828
4383
7716
4496
7294
1328
7868
95
6322
5294
9002
5248
6293
1158
597
9843
1669
565
6999
8356
2535
5357
215
5580
1949
2706
5133
3957
1306
3678
9089
1827
9849
249
868
7011
2760
1987
5828
9936
804
1252
86
2239
8831
8658
6058
154
2185
504
3544
4093
7506
9528
3642
8423
717
8923
7387
4343
7598
2691
34
6160
6301
7275
3539
4630
7772
6184
9898
8056
9906
8622
9065
7899
9383
7558
6052
4184
5143
7003
7502
7444
2255
4534
1539
3051
1291
3394
5029
8633
7292
7708
5137
4210
4076
387
1406
4903
10
1895
4159
3263
5436
3268
9980
570
714
1979
1971
8919
893
9516
3275
7063
2079
3395
7309
8526
2418
5746
1880
2195
6430
4731
378
2347
135
1777
7930
2692
3320
4506
2985
3943
6389
7130
3754
7591
7506
8055
8958
8497
7419
2268
7831
2630
3026
1976
3974
3527
7035
7538
2981
6139
4664
1244
5067
2603
3411
8932
150
8948
4047
849
3614
5318
8907
1829
8786
6803
4517
7339
7017
758
8834
234
1348
962
6024
8288
9932
2409
9625
9793
192
9367
708
5586
9921
6774
9243
9960
78
4786
1351
9242
8803
3317
4127
9276
2906
513
3404
7930
5334
9482
3001
4972
8326
645
2092
8382
1317
2480
8886
2644
2597
7799
1821
5288
8221
5962
1528
5682
5638
7827
8483
8256
1371
5472
4311
838
3267
2364
2114
6164
9378
2644
7095
9341
6101
1463
7861
4676
5163
531
7337
3950
8761
9373
629
215
7965
5369
7091
9517
8113
294
1492
7300
3519
5318
3676
8071
7704
6916
6319
5038
1429
5603
3224
8208
8069
1591
7669
804
5164
8206
527
2133
4773
8563
7038
701
9611
6373
380
312
4222
8923
8997
4675
6268
6132
9713
4774
3939
6394
1416
4022
4364
7929
490
759
1448
2436
5878
7298
8792
2971
2800
6816
9433
2675
8287
9642
7552
6239
2919
9093
9542
6326
5597
5819
6076
7766
2966
7184
8592
7341
3946
6734
8744
4448
5623
3838
198
5360
507
7955
1538
3903
7822
6303
4677
7982
9333
8994
2302
6463
6415
4730
6790
8166
5847
559
5270
622
5378
4123
7936
2800
9238
3779
8435
8258
912
5386
7117
9341
8266
9555
5365
2485
1260
2871
8211
3368
4826
2267
7216
9440
650
4784
9700
2553
8983
9477
5900
2763
654
3290
2498
5130
7730
8266
3609
1699
3374
3310
4372
3159
4635
8019
4680
8321
227
8914
865
4120
6408
5267
6649
7819
8488
1488
9514
9454
497
3110
8884
8636
8809
582
2261
6184
1031
9691
4955
4409
1975
7546
9447
3845
8889
1204
4047
3216
6255
787
7588
274
4182
3305
2646
1366
9606
6704
4633
5054
5024
1949
3267
8422
1048
3170
7236
9137
2112
1249
1872
3823
7945
243
4095
3357
8768
5357
6007
189
1411
5148
3114
6223
7674
4360
7461
9744
5990
7869
1127
2030
8904
9118
9506
8643
6743
5208
9397
9920
5331
6406
1366
5114
7262
8518
9056
2875
1468
9291
7375
8912
8696
9479
1487
1037
8119
2873
3630
3921
713
1535
1570
35
6097
9743
7753
1291
6909
9873
3600
6761
9683
2989
2304
1471
2512
9016
9686
4813
4650
271
5624
8066
5082
1834
5275
4496
3505
6560
1877
3849
9631
8536
3490
2436
3731
6301
6282
6961
1990
9476
4833
328
1500
2770
5971
7146
9577
6883
9767
2613
8827
8227
9304
9697
6420
8319
7054
6307
2873
2239
2410
965
45
8273
5689
1546
9204
6463
2577
6275
2962
9865
8228
8377
3448
9088
9270
7160
2044
2615
8483
3394
9688
6910
6526
1747
4573
897
3873
8892
2425
6028
5676
6646
9280
6056
9025
6427
2190
6186
6637
4155
9615
280
2797
5908
9644
9567
6240
9609
7116
4497
3529
3280
2983
7027
9448
8926
9930
8858
392
2523
2491
9650
281
5190
296
2299
8262
6912
2625
9713
1451
9158
6839
8941
2973
1891
1806
6094
8405
8065
9304
9031
8244
6836
7773
8261
4397
8353
1168
32
6916
4712
9398
6827
5297
7274
7875
906
1207
9355
3393
5144
960
9009
808
5822
7637
461
7024
6906
7178
7246
7693
8737
2292
232
5113
9355
6282
9586
4843
1525
9903
9405
4180
395
4220
3826
2062
2227
2959
8720
663
7520
6056
9008
4823
6319
5911
7170
6431
7289
9540
2189
8753
526
287
3099
2909
8770
2239
9878
2399
5441
3523
3502
5645
459
6707
5529
9302
8675
5496
4991
6908
858
8721
7613
9383
6727
2196
9314
528
2282
9848
5143
8651
6503
2297
4018
2554
9113
5486
2168
4507
7264
7972
8139
3284
4689
7391
4427
9671
1944
4035
6337
5458
9481
7262
3533
8461
3819
3539
1597
2474
5359
9465
2987
3479
8323
585
4999
5856
7647
9881
5534
1562
2931
8443
9456
5508
5953
6431
9238
8358
3624
7247
1396
2978
5386
9929
9523
5194
4108
7269
7700
9798
7981
69
7324
3030
5261
8995
6094
8651
777
9093
6666
473
3574
3061
2190
3418
1235
9072
8096
726
2050
352
2321
418
1349
2044
4917
2535
2699
5873
9016
9761
1481
4883
1954
147
1890
6717
5632
2301
8791
4351
4893
1542
647
2729
3001
6796
8155
719
5340
9680
1209
3508
1051
414
1898
6790
8484
5862
4420
2426
6635
8987
9289
2621
9846
7650
3223
4743
1811
1726
8604
4341
3597
8705
3512
7427
9740
4054
2859
5910
8658
9236
2735
8706
2840
5282
130
9368
9039
2733
1034
2778
4944
1817
3413
8075
8235
3656
5975
9708
3206
7162
8661
4776
3417
579
1895
7894
3470
3760
295
8960
9282
2431
3780
1206
4422
5120
8166
321
4201
4240
5113
1172
7178
3823
4752
464
987
9773
911
3480
6009
9850
4707
9779
633
5859
7624
6153
9940
6140
7005
7996
1175
5321
5639
9979
8324
6847
829
8817
376
6068
712
7933
4262
1909
9959
2810
9905
281
3336
3627
7049
7474
7050
4651
6502
4989
6489
5113
4533
6503
3918
3686
3250
9249
4054
458
9274
4149
8666
9080
2817
1503
2589
7000
7838
1130
5199
5386
1529
6624
3290
3839
1006
4622
5427
400
2530
8315
9948
1030
4348
2589
3693
3939
4065
6131
9502
6586
4120
1519
1599
1181
869
7827
4247
1042
2876
3544
2471
1421
9836
827
5324
8697
6002
9818
7628
9900
1430
1192
5970
5127
1592
1234
6728
1428
1841
804
7325
3524
248
6158
9320
618
631
3840
6576
6077
7807
3235
8297
9115
2400
2626
8918
2580
5861
3837
2422
3580
3956
7584
9521
8900
471
9719
9132
5021
4543
1599
5335
9834
6044
2282
5128
5967
1668
7428
8509
9866
2600
1204
5089
9620
6081
7761
196
2904
4210
2499
1353
6897
3585
8379
7006
5478
268
2766
4832
1813
453
439
8100
7382
5737
5984
8344
458
5982
982
2380
3945
9824
4779
9872
5820
3864
8529
35
9733
2104
9951
9840
744
3458
7791
894
1260
430
3193
3576
200
9948
6532
6953
4473
6576
1458
7098
6197
6668
5071
8480
599
9214
2381
542
2600
782
1060
12
4490
2387
9633
6995
4807
7579
6093
1313
333
218
6010
7402
8058
7947
8509
6566
1595
6145
5254
543
8496
1542
6345
8976
8835
3761
2381
2606
2646
2282
9653
1729
2752
1874
4574
9275
4851
5241
633
9044
8651
2406
3721
2675
7240
8694
7125
142
1083
2892
7372
9445
2303
1576
5092
9607
6361
2309
2549
3393
5604
9735
5531
1256
388
13
5485
789
3714
6721
3848
1696
1898
4328
8530
3409
5531
2358
2767
2162
20
631
9662
9284
12
7639
3699
8602
4084
6669
8252
7794
5257
3995
2021
1352
2419
4140
3524
60
7598
624
899
8177
9131
8248
5501
7415
414
996
6262
5242
618
8565
3016
2167
1753
2639
7533
8939
5833
7137
6813
9683
7601
194
5151
7171
2115
6484
6178
1748
6497
2621
6759
6586
4562
1489
6809
8885
6811
3868
1424
1146
7280
6725
7918
6591
7393
2357
4715
9239
338
9617
8966
5596
3793
8241
606
7371
9926
9550
2360
8536
9031
6681
3823
5808
1826
5701
7080
2074
6857
7414
4606
9981
4555
4086
5500
6223
3565
8182
9072
3380
3921
6321
804
9019
8167
8894
1606
9892
2832
5639
2295
2680
384
466
6016
3061
719
7560
1425
6617
1255
1809
242
3650
8330
6374
2724
9211
1477
2509
8186
8233
6200
7472
1401
5488
6706
6237
3214
1507
218
8753
6693
6527
9640
2814
5394
478
8688
336
1815
6726
5875
3940
6446
4471
1693
5720
8114
8328
4420
6488
1261
2535
9889
3477
2536
3831
7316
7199
3199
2922
6893
3448
2826
7587
2372
2714
4547
1217
7691
8553
2269
4243
3993
9293
8668
3663
475
1091
2798
3465
2523
4096
3417
7743
6339
7257
7151
7395
9479
2578
8725
8489
9324
1773
5343
241
8028
7608
3826
6624
9843
7432
198
2923
403
3201
2827
9855
1668
7933
8239
9674
4840
996
5350
5021
9982
8285
1620
1191
9888
5390
4840
4046
1047
2740
1132
3019
3283
1500
4258
2023
1027
4755
6836
3829
9754
5357
6468
1992
7270
6200
2136
2050
4179
6476
5426
1517
8999
5407
4221
8442
6603
6005
1842
5930
4120
395
1949
6846
4150
1930
5143
7486
509
1194
8198
4947
2931
4549
963
7485
1494
59
2444
9514
438
7241
8231
6804
2262
3907
7131
9081
1801
2703
291
680
6120
3788
9260
9199
6055
6476
8128
861
9422
3160
674
9408
1768
5007
9048
7128
5786
1084
1931
7227
1031
7192
5183
9675
636
560
6897
2754
5072
7362
1455
712
4339
3999
1881
861
2514
1874
7479
5327
1561
2999
3610
7571
4838
8494
9819
4075
2916
6378
7762
6668
8416
5281
8956
1220
1877
8333
6402
3624
1882
9824
4443
8276
9993
2268
9559
2597
3716
5537
6234
219
7006
2437
8132
3400
7880
7091
6104
6006
3086
8373
1656
412
4880
3129
1488
9592
6640
3660
5349
6567
9525
1560
9090
9541
2785
4608
1238
1152
8109
4197
8938
8055
8281
1965
4308
4356
1486
3601
7819
9813
3937
9073
6595
4367
2307
9645
5405
6317
5370
3206
1931
2362
2409
9987
3677
3417
8814
2919
5996
8742
2928
8217
2958
3401
2232
7660
9380
2458
6411
8638
4562
5988
7720
6356
5299
9100
1431
6858
662
9929
8782
4192
5725
8994
569
5169
8921
3792
2139
6782
8992
106
7074
7765
8219
5693
2054
2916
3056
542
1643
5724
8448
1188
6833
8114
7267
2364
6628
3041
7181
9689
7923
8191
2233
2473
5246
5188
5025
2617
8676
9323
2471
3605
2938
751
1194
1476
6409
7838
1449
2020
4236
6809
5885
7728
3145
6983
3638
1826
2962
2184
7255
9827
2270
7008
3595
7181
433
3647
3547
5773
8855
8445
7046
7685
5697
9203
1922
6965
413
8517
589
1893
6644
1428
318
7738
4215
1381
6333
9469
4179
8221
974
7341
3534
3385
6564
8750
2624
4408
9538
6341
140
730
1607
6482
4205
5571
5099
9600
8748
9738
276
9975
7841
4020
5462
1655
4472
5688
3796
7002
8052
4300
4726
1044
5568
3084
5054
8544
7143
9754
7049
7458
704
983
5067
5889
9198
5851
7701
2509
4538
1510
962
2600
4261
9099
5006
1853
9782
4197
3414
3788
994
9312
2704
7452
2892
5170
6511
4049
7690
1917
2518
1163
4222
2853
5234
7382
8848
4790
1209
4103
3085
2146
6268
1329
1322
8367
6392
4075
962
8551
5582
8125
4679
6210
5185
3277
9960
3355
7924
6231
9506
6725
5222
8370
7993
245
5869
935
1193
7335
6701
2220
9494
1191
7514
7156
7219
4473
4378
3692
9558
2910
2479
3759
6617
9275
7681
338
7020
8468
6913
505
8296
9777
9509
8858
441
906
3366
2948
1039
1659
5742
1266
9157
9182
3888
947
5781
1607
4334
6245
3804
6925
1049
345
9827
163
2422
5887
9696
9800
6020
3646
8092
8903
7718
3343
7660
100
2829
8435
5754
9033
8623
8430
9125
1344
8310
8282
6439
1609
9857
4357
9507
7030
6447
502
2851
3691
1567
1425
6290
4924
4385
6354
5462
7541
9491
1810
2619
8849
3694
2524
8456
4909
2658
2445
9691
9113
3304
3427
4551
3587
1319
7102
6
9284
8768
9644
8231
294
4170
3432
3262
1973
7364
8059
9971
4436
4369
8381
9758
8695
3313
9985
9810
1388
9766
386
2623
6408
5607
4837
6664
8655
5730
1383
9825
4441
3824
1627
5675
2289
4960
2939
7180
3106
2666
4080
2953
2078
1998
2866
5620
1385
5067
8099
4222
6280
5357
5246
599
9652
9710
3347
5378
5269
6962
9274
9791
9620
8611
2208
6846
330
7548
7934
3545
4154
5802
6037
9650
1038
1470
8875
5742
1437
6981
9239
5430
8752
6780
7993
363
5235
6335
172
1767
1519
5500
5469
9473
1748
5043
2773
1256
5382
3316
8098
4451
2221
2925
2042
6504
3318
9224
4786
5731
4592
3712
113
6792
4348
257
1036
2635
5610
2630
9925
3372
5324
8651
1326
1731
9561
4676
6650
8862
8765
3507
9710
9308
2153
7807
2148
8635
1881
1929
5714
1769
9574
1649
1084
4073
4338
1286
6915
9226
4401
6065
1107
2210
1284
9539
6024
154
689
8383
1029
5658
5815
7714
5583
9605
4474
8586
3384
7283
8030
7558
9378
4559
7754
8258
1132
6205
6931
6779
2759
3754
1174
6228
7982
7307
382
3311
3842
7085
7964
636
4022
2310
590
4051
179
37
2948
5386
4032
6912
1718
3440
2434
8561
7060
4021
4835
3260
5128
5053
6381
4942
6628
3500
7637
2959
7079
3996
8581
6799
833
9613
4980
1761
2403
3668
1895
6740
9440
6769
6620
9902
3260
7084
9748
1126
5596
1840
186
3461
8312
4947
2039
2665
3886
2734
595
1348
9266
4821
8316
8365
7932
2000
3832
4564
3722
6623
3288
3420
4163
789
7802
90
6523
5078
1933
510
2272
328
3996
7082
6005
4525
4058
1300
8123
9159
2726
4736
9388
3470
9080
1791
7102
558
2081
1725
6487
8429
9714
6912
8218
8864
7238
3328
1702
1122
4281
6197
9406
9839
4236
4282
7793
1406
4007
707
5981
5426
5420
4227
7439
469
7040
499
2489
8250
4774
43
6715
1862
7931
8623
644
1339
7840
1225
4969
9074
333
1534
1490
6913
2939
5728
7197
5278
3348
8545
7632
357
5461
8357
3361
5805
8856
3696
8752
8582
4172
3839
4121
6471
6546
2575
186
8792
8273
5635
3552
5838
190
8240
2259
4880
937
3769
9401
4973
5606
9387
1294
2383
5113
6318
3748
4059
7886
5671
4298
3981
8500
2786
5163
5351
8869
5311
4625
7843
9491
1033
537
6831
9163
6653
8610
1631
2601
112
7770
1890
2891
7356
4705
6610
2042
7791
704
5146
149
9156
6554
1654
9585
7233
293
2040
2116
1919
2080
9672
3508
4928
4908
4302
2178
5348
4865
4211
1631
4353
9618
6998
6334
1918
3541
8489
6253
1716
6692
186
3258
5121
197
1387
3433
5979
9994
3326
644
8552
152
948
9582
6531
9242
7537
5313
5054
7867
6317
8230
6992
2678
8858
9768
3893
9702
2190
4519
56
7485
5450
9149
2293
6544
4266
7362
7468
5011
3663
1197
2659
7595
7821
7773
7454
57
7708
702
8550
4214
8114
2105
5575
3790
7666
3346
6975
1735
33
604
1747
8938
5338
2952
6102
9114
8056
8860
5034
8507
8747
1180
9741
3156
8622
7025
8022
6720
3568
7206
6871
8454
1041
1032
6152
5235
8475
5216
2040
7457
6506
1302
6272
173
5702
2118
3182
4876
3155
6737
105
9454
8177
6044
3040
2609
1031
4029
427
1105
9607
2603
6359
2288
7082
4793
8901
9080
5654
2847
4899
6778
9947
4616
6873
7375
3883
3116
9514
9556
3550
2301
8059
6651
5984
4404
9505
646
7984
6552
2789
3476
4969
3243
6389
9145
3470
9938
3254
9426
8133
7391
2696
6277
1105
4435
130
1475
8736
316
2634
385
1102
1898
9029
6491
5997
997
6177
6287
5596
2429
8115
9259
9407
4528
2435
2138
6917
53
9461
2111
5179
1870
8554
6601
6948
9002
4739
9301
976
5918
1434
3873
9088
8633
30
6776
4611
3895
2211
100
4288
6688
8562
4834
3522
6445
9557
1011
6973
5076
4190
6202
6736
738
2186
7940
8805
8239
5237
1422
8765
4666
2807
7145
9730
5151
6584
2157
1397
5990
9897
3296
2406
6652
8032
582
4159
9267
7789
4603
4176
6620
6334
2366
5475
3162
8751
6014
2894
5646
5758
1965
9461
1101
3278
8713
5207
4636
3127
7874
4094
4759
4548
1797
9057
8197
2613
9705
6183
3802
6098
336
9132
9729
3660
4784
9148
1335
6618
3447
115
5035
1094
6122
9821
619
4661
1113
4408
6226
2039
1522
784
2862
277
2040
7115
3494
7500
7640
9527
9942
1463
3138
6862
1979
7358
850
5609
6368
9689
701
8473
2050
7067
1573
9989
1678
558
2149
2037
4143
7468
9754
5432
6026
6500
8359
965
8549
5739
5779
968
6337
2048
1180
7370
179
2411
4034
1132
928
9396
8336
684
702
4206
5209
2462
2648
7284
6558
5353
9953
2772
1357
1299
6475
2488
286
8602
8145
4772
2659
2979
2429
9030
3852
7516
5124
8322
2171
971
858
362
2608
5423
9304
4489
3340
3113
8552
1961
8219
2476
514
9818
2176
7894
9564
2983
1659
7741
3532
9602
4771
5880
9249
9021
5065
4272
3462
2088
1642
6070
3584
62
2080
5077
7196
8518
1079
7824
3170
6833
6512
5108
6540
6172
4662
9188
2700
6539
2903
840
2030
9315
4970
3367
2643
4117
8006
8645
884
566
4017
1681
6994
864
9494
4967
7218
4572
2863
7742
3055
101
360
645
9934
3755
4182
4522
925
4297
1012
9251
1549
4184
7716
4326
9485
2943
9118
5180
8338
2999
4099
7379
9352
8634
4836
5375
2313
8474
7870
9083
4484
8365
8015
5170
6671
3620
979
2092
2628
3020
4699
4621
6299
685
433
3530
8774
985
1278
3703
8194
784
1027
6202
8174
6707
9454
8864
989
8424
8639
1638
9540
7017
9759
1082
483
5893
4837
9855
5284
4608
1765
9434
7436
9501
5448
2978
9173
6908
6950
6990
617
6177
8222
8924
5873
1518
286
3197
4779
3328
6793
9025
2087
2733
4541
917
7598
6909
4841
7545
6205
7841
245
1655
383
4198
6643
5299
3162
2806
4678
1313
8352
1697
9463
6961
8834
837
6077
5308
777
4072
8568
4481
6482
8911
9837
1265
9749
9962
9863
3317
3800
2269
3156
6093
7600
6262
1505
1350
9941
1799
5184
9295
6497
5175
5737
285
4994
9788
6167
4243
2604
8384
5337
9221
3198
5339
554
7486
1387
8794
9048
1183
2025
2680
8045
9522
7189
5008
8558
7055
9851
702
6872
1200
8731
8032
7221
8992
232
426
99
1487
2208
5259
2443
4298
1516
863
5122
9002
6562
5846
9403
5836
5457
4730
5696
3005
1585
2723
7577
8630
2431
7901
2559
5579
5573
322
259
5962
2530
5005
2949
2975
3581
5354
2843
5735
4823
9743
6748
4667
7420
2172
2067
144
4515
1327
5446
5628
90
6961
6712
1769
5695
9907
4789
4004
5430
5664
6214
7193
3441
887
666
3612
3626
5813
3247
7682
7475
9560
8212
8433
3565
4493
3991
4200
9904
7377
9518
9496
466
4810
5014
8438
5045
2128
4674
3583
3343
7326
4395
6704
7782
6597
9501
3903
3810
6596
4091
8926
4793
6234
5157
7897
7482
563
6856
9849
1497
1742
8412
9621
4059
2345
3021
5725
4443
8928
3818
6866
9999
3844
212
2322
3733
1634
8906
7917
8324
5501
6197
9418
133
9557
665
7117
6376
2470
6648
9031
6698
4850
4061
853
717
6668
5223
8522
8861
3410
3745
41
1408
1650
4184
4956
1850
6179
854
5049
7667
9701
3384
4015
1420
4345
7823
2400
4938
464
8096
5759
8208
577
2204
5748
7559
8952
1746
2071
2088
6300
1688
3650
3377
6168
7246
7996
3823
2466
1638
8680
5140
7263
2072
9147
4635
8527
9932
7213
6854
9089
5552
9249
2747
6261
7811
668
9596
8145
6281
8399
1035
9482
5986
4783
7988
6237
632
5818
904
1886
4571
6733
7028
5939
1916
457
852
3802
1124
6395
5612
6561
1798
3008
7577
9043
153
7502
4108
680
7455
3023
8683
8345
762
9371
5591
2146
4296
587
5483
6302
6257
9437
8336
5187
5433
1111
7197
7457
3986
530
7232
1344
8185
2758
8487
8554
8598
2101
7455
7023
7335
4388
1665
1743
4455
915
4386
5302
1260
6171
6666
9261
5382
4186
5045
7227
6354
2028
1094
9384
3867
6428
8430
3632
9913
6208
618
1571
1952
4053
3779
8573
1734
1340
7101
8551
2791
250
3655
1034
2572
6906
6755
4324
8578
994
6522
5602
1869
6858
7209
819
323
3270
2852
1619
8338
7571
3058
5885
8641
4426
7110
1637
4188
8625
7021
9473
8469
5090
5002
5873
2694
1828
2824
6013
6371
3274
3117
27
6058
8038
5906
7907
8059
5902
3309
7178
6694
4841
2134
9062
1050
6906
4527
6577
4980
7365
6580
3978
6841
1842
4034
5553
6581
545
8691
4428
7581
1434
5381
8036
4171
3637
7353
6471
8334
3421
1428
1260
4089
3876
9612
3280
5105
6481
2101
1155
1577
7238
745
1208
9645
5792
3525
4477
1532
9747
5291
5596
9354
4416
4683
9304
7947
1890
1988
2501
7182
5666
8378
3018
5222
2632
5244
3914
664
3061
2755
3228
1781
7139
5349
8707
6300
8594
4014
410
5451
7446
4525
3603
4182
6292
3329
34
984
2307
662
9968
2761
7160
5621
1138
4572
1507
6087
4683
4671
9119
2388
6890
8905
9027
4161
7300
2397
9070
3416
2582
5538
3576
8611
9495
776
2412
9744
6975
9247
7216
8534
9688
4287
5296
3195
3758
1306
116
1538
3586
9963
6298
8525
3416
6474
6253
9981
9303
277
8099
3680
7775
113
4475
5765
6448
7429
1796
9229
6120
1592
5236
9360
2422
8262
5561
6971
8494
4743
1737
7329
710
2995
6339
8784
6407
4126
601
8050
7713
8191
1060
17
8917
711
6343
4841
9183
7710
4566
7997
3122
7571
2369
592
4917
5143
1043
8815
4427
4324
3047
8644
4300
2738
3914
2278
9982
7467
5207
2401
3096
6681
1434
624
1112
6943
5553
5972
482
9462
5856
7389
2123
4551
9439
4884
7892
189
7541
6731
667
27
6502
7308
8085
1033
9628
2570
3381
837
5479
3397
7898
6790
4738
1721
2244
2844
24
4099
8804
7789
4561
3311
4414
2071
5670
387
4971
507
9765
6512
2257
8198
9699
1768
560
2055
6699
1153
1036
4551
7348
7184
4937
1618
1339
2879
9934
2179
6756
2466
6193
3583
1909
1767
4349
2016
6008
6274
4548
3399
1542
3462
3530
3912
9529
7218
8006
3193
6087
2692
2150
6502