7756
6088
2684
440
6378
3344
8045
5275
9619
1888
4236
1946
7778
7530
6876
9060
1701
8530
7068
2692
5190
6428
4027
8858
8128
3823
8975
7775
1577
3023
5022
3967
2781
6648
8465
811
3292
685
7694
6927
8259
7903
1512
8066
1705
9009
1859
1964
3156
6881
6381
5052
6373
1125
7442
2487
6747
4170
3738
9060
8975
7114
4715
2017
6897
871
9647
1586
687
2550
4038
3083
447
8952
7657
3204
6014
4410
9096
429
9189
5148
5591
5321
2606
6321
5605
3105
4265
1645
4406
9135
6962
1929
6706
9730
6383
6305
5764
7551
5657
7714
2375
8745
3374
9222
4040
3896
5874
7143
782
549
5596
2836
5611
2744
9113
9259
1885
9556
9867
9868
6562
869
6198
3086
7198
1003
226
375
533
4582
6612
9066
1827
287
8779
3481
4290
5197
2644
9943
1631
6998
8784
6174
8549
5546
4746
3475
1897
3285
2207
1227
5267
7038
7066
5697
1741
3522
3853
1196
1712
5688
4222
2728
3210
1076
2428
6065
6828
1000
5320
8850
9452
1435
4291
4021
2117
8751
9223
3166
7080
3195
289
690
9740
1250
6381
8911
5066
4998
5741
6923
295
5536
7384
6895
5353
8944
6121
990
9509
994
1624
7238
4415
6848
6698
4813
3554
97
1906
1993
288
5445
6996
6512
8072
5011
5889
3617
2564
9659
3773
6136
8699
8880
5149
1237
3463
1360
7356
5503
5437
7695
9368
1312
4461
7370
2729
1012
8531
6090
5725
5743
6637
5178
2838
5614
4944
2684
4373
7369
9378
417
2724
7166
8555
4307
2832
8399
9512
1103
9291
6904
5139
1666
1224
4420
5201
27
3824
1605
5162
1896
4895
5066
334
357
8580
7613
9423
37
4319
1836
1648
4185
1369
9698
6947
2844
7928
2529
8570
9716
3398
9250
6658
6896
3069
5027
8633
7733
4366
8009
5021
4233
6707
8660
370
5414
8490
3357
6633
2061
5526
4284
3023
1903
9533
3506
3665
2097
4917
9124
5542
9877
8336
239
7341
2609
9878
4868
9158
8035
3969
6928
8910
1864
4590
623
2789
1550
3120
4839
3717
6254
5946
9374
4998
7149
3080
3622
7529
3111
2222
1157
5447
1342
6563
2701
3466
6406
2033
412
4441
1121
3026
6764
3230
9793
1536
3190
5757
669
8911
377
7943
5260
6369
5782
1127
9312
237
8340
7534
3967
2188
7174
716
3767
3050
2090
6918
6010
4862
2389
4223
2055
6198
1706
5351
687
6136
4566
9702
9445
3770
5107
8044
3069
3050
2187
648
7369
6755
3356
1705
7739
886
3078
3941
6987
193
841
6079
6695
4774
6864
5730
2121
3406
903
723
8706
3023
6911
4961
6832
542
576
3024
1273
331
2024
5386
6572
291
9265
2770
2577
3451
4984
4587
3787
6863
6645
2751
1113
9960
5872
3371
2203
9607
7991
2761
3976
9054
7570
6720
8786
5533
4236
4554
2257
8267
513
7832
926
4181
1709
1063
8722
4961
6347
1047
2231
9906
8144
1599
7891
3839
1671
2359
7063
3828
1990
1873
6396
9473
8510
1798
7848
6861
729
3612
5854
8063
1062
505
1437
9559
1348
3141
1737
2633
5351
7318
5031
4076
8459
3015
9033
5410
8834
4413
8792
1528
1704
3825
9460
5326
6585
2056
2299
3591
8916
945
8824
794
7257
8695
2282
4504
3329
8856
9907
1791
9153
164
8180
1031
3675
9143
7895
3696
695
9114
4423
4822
1676
2935
5882
6387
3870
2324
8854
9706
9941
1670
8494
5966
9139
3031
2200
5189
3783
1753
7159
3171
5174
4649
5867
8007
8748
5310
6800
2103
7163
5124
1025
7673
4036
8947
2398
6184
35
2879
5813
2277
9750
3732
1602
1842
9051
766
1461
5926
2593
2121
4709
432
2826
4922
7507
3046
727
2744
9846
6057
2071
4233
422
9604
2999
1541
8506
4662
4752
3607
4449
5766
7616
4808
9096
4345
9441
7300
7763
8091
572
8976
9218
6271
3974
389
6319
6533
7655
9326
6311
3357
7332
4445
1170
3810
5489
9574
210
1957
1071
1842
5371
6852
1804
9439
1120
4859
3751
5481
8926
2780
8779
1128
7989
9548
5457
8208
212
8562
4235
9545
6192
38
6002
655
5127
5474
6698
6740
4415
134
5406
9883
8523
4826
6890
264
8802
3780
3478
6197
4399
3757
4045
8056
3047
3105
6881
9429
9849
291
550
2677
9153
5883
5691
8600
2191
7193
366
910
3479
9196
442
6692
3423
1494
42
3853
3868
9237
5394
8878
5264
9695
4883
236
4423
4833
6817
8553
3830
1061
2219
9710
3392
801
1418
2578
8294
9267
7368
2157
3844
6168
5482
1117
3529
6807
3223
6181
1196
1237
5089
9717
542
1974
7180
1991
8855
6016
7933
7079
7911
9353
6779
3829
9113
7098
3182
8098
2966
4309
1902
8435
8670
5415
5742
1837
5939
4505
8016
8941
4344
3756
7954
9449
4788
7356
1743
2801
688
2970
5277
2102
7251
663
7247
1288
4150
4948
1863
9417
301
7411
7052
6571
2658
3642
4401
4160
2631
3771
2031
4846
6862
8050
3937
3032
3032
6813
3125
8146
1613
9136
3485
7058
5680
6777
754
4797
998
3689
1827
4035
7185
6145
7713
3744
6863
8870
740
6257
8019
7887
8410
5871
6382
9500
6953
7070
3274
6711
5491
8453
4443
4453
3257
2754
5937
5574
8116
6997
3965
2641
3589
4870
6484
6953
9848
1948
3085
9731
7192
7720
3020
8627
5237
5393
1715
3255
9820
5848
2256
8899
455
6171
8550
2712
9517
9713
5291
2022
1237
2361
4391
8526
3235
9925
2141
6575
1818
6204
7674
7600
6049
362
7715
6672
2542
7886
3624
3177
5677
9889
6514
671
1385
4505
4959
7572
8322
2375
7766
4116
38
8393
4542
207
9408
4789
7281
3402
3218
2577
2468
9786
9610
1305
5179
3797
8042
5463
6287
7709
469
5086
2312
5225
6974
1402
9156
3641
6971
3763
1652
2188
1707
2610
6406
5078
4322
6775
8134
8155
381
3452
8062
4583
3110
6248
2903
4199
9500
4975
8454
8084
7966
958
2039
7924
6881
3952
8966
2527
3841
5630
2117
8273
7855
9591
4314
6276
2998
8182
6783
8450
8869
7667
5521
9795
8689
6206
2916
3230
2071
4086
7973
3219
7640
2195
5116
5842
4888
6625
3665
9054
7608
2685
6273
3241
3612
3286
3625
3514
9164
4488
5954
6318
8688
4706
3950
3072
5067
17
8701
6580
2810
7772
9350
2235
3583
3377
7488
7323
4460
3548
2546
4662
980
2336
7013
7240
7811
5663
2943
6892
7526
6702
951
1462
7362
8883
2312
5072
530
1312
8929
9843
6648
2703
1663
8515
119
7865
9939
1925
9149
6553
4313
3522
311
7413
9675
3599
4794
9727
7685
8221
2257
4565
6181
2232
1417
4597
1660
8555
7388
7575
5390
774
699
7840
3076
9927
6937
6369
7341
769
3903
1316
9847
1732
2201
6640
6391
3253
4484
9961
7617
1903
3364
407
9793
6827
1190
2307
27
4402
8990
3096
5581
4039
1023
7823
5524
9204
2976
1695
454
8072
3817
3053
2955
2348
2042
3590
2796
4424
3104
4584
5987
3693
1551
7471
673
3828
6552
49
5786
9426
9060
1539
5056
4162
5393
7401
4192
2690
8324
3728
4166
4268
1261
5301
240
2219
9927
5159
1453
994
4472
5526
7023
9160
7249
2802
7852
3412
5332
8522
3088
5205
6885
7569
7563
8161
3781
7225
2929
4912
4334
9957
7506
4219
8287
7181
7124
4592
6279
1606
4804
7349
2063
6328
9329
1475
1106
1507
4289
5243
5880
1681
110
4822
6112
4244
8648
6668
4127
8493
4131
5510
9851
6721
7537
4238
1577
8900
4780
9120
1318
659
1593
3057
8565
7386
5108
5312
8328
1486
5981
4628
2102
4597
6476
5290
3742
8563
9593
1652
4262
4562
5569
9599
9818
956
2827
5079
5736
698
3078
4816
5637
7847
1303
1636
4318
263
7790
4537
6901
9535
3891
8941
539
4607
6456
4985
3882
2728
4104
1718
1248
6580
1850
4023
5612
7929
1867
4874
7382
2483
5488
8212
7305
6527
2583
5822
3417
6362
5377
1958
3240
3948
5763
1974
8948
7717
5542
1168
670
1848
2815
2551
8447
116
5624
426
2733
6508
5279
1800
5039
5959
2656
2368
4562
5383
5056
6773
9783
1518
2649
3181
2696
457
4176
9360
1359
5168
896
7866
3028
7789
3155
8416
11
3960
3543
7714
5619
2032
2431
8263
6279
7531
7356
3272
5624
2899
6354
9683
8608
7997
2688
6722
3543
7261
7817
806
5671
8651
1012
7284
4031
1829
1650
3473
5377
3711
4078
3599
8452
1725
4573
408
8752
309
3389
7850
3983
1514
2182
9119
6197
1877
883
1291
6487
9719
7615
4564
5210
1155
9213
1876
9292
7532
3444
6615
2154
7966
4759
2321
4161
9274
1201
583
1751
5791
8204
9441
6949
4111
845
1263
8990
1511
7377
5500
5144
3578
6688
6045
7888
959
6640
5935
8387
5186
9694
4080
4431
8455
2297
6319
5524
4099
5031
5160
8316
4363
8181
3948
2085
8338
7197
1686
4433
9807
4742
2532
3261
6887
3935
1009
4893
7006
5628
300
7268
3975
156
6553
7169
6586
1333
4835
8087
9558
9642
1527
5835
3223
1121
8214
5155
5549
7619
9369
8311
6348
2273
5548
2363
7165
3896
6059
2534
4235
6209
5160
568
8153
2475
8066
5797
687
751
9942
8554
2044
2174
8635
9914
7752
7923
3587
2914
1685
4114
7581
7036
7524
9779
8733
9242
7126
3937
3482
4046
5965
8932
4241
1927
6229
2745
3492
4623
6883
4904
9063
685
9915
5451
979
6519
163
6267
1417
8854
1035
2260
8055
9224
7918
2438
6659
3602
7253
3934
2228
1821
2943
2821
521
8703
6841
3098
9969
349
2891
8571
4691
6534
9424
2800
9226
7910
4665
8811
8326
9234
7145
2171
2540
5552
7776
6950
3372
4066
1232
1749
1279
8847
7444
1651
1201
3973
3634
3266
1132
6547
1239
310
9120
2594
881
4509
751
8456
1669
8087
1791
3581
1668
9319
8902
3901
5518
9968
2001
2117
6106
5665
5932
9631
2906
9809
2492
8918
9012
7832
8200
2331
3275
2960
6166
509
18
3942
5059
6553
1914
1505
237
1652
1247
9494
5167
7322
805
1533
3309
1800
3362
2003
5332
4862
7037
2866
4427
2570
7752
9187
5547
5616
9830
3050
3437
6862
850
7376
2004
2725
5889
8176
4256
7685
4479
5087
5888
2271
4331
6738
2171
8024
1739
8744
8928
4978
4041
7718
4732
7327
7816
8056
3483
6438
1209
9105
4377
1383
6839
3020
4487
2980
4827
4266
4670
8974
913
4467
4841
5120
631
607
9909
4549
1320
7306
5181
1830
4019
8550
1728
9269
8293
3378
1741
6534
7363
181
2281
2633
265
916
9748
3530
1757
7563
3283
7392
4136
9906
9864
39
1594
5197
4015
9703
4892
7486
2886
5009
8709
1214
7322
4539
2211
6004
1939
9350
1016
55
4825
8323
7713
3444
4912
8743
4311
6547
2492
4833
2990
122
5526
5988
747
9114
4073
6804
3504
6634
1749
1018
4567
5380
976
7149
5760
673
1941
230
8341
8747
6666
3765
299
859
585
3386
1023
5083
171
5209
9613
9507
2811
723
7130
1473
5349
409
6077
6996
8592
193
1953
5061
7065
3947
3380
4748
5446
9438
4448
1627
8350
5281
3437
3900
2331
6173
4212
9300
5238
3018
9530
9950
3014
8014
2736
7713
4266
126
7783
4633
3565
5021
3700
2120
5364
1546
8815
2927
6189
9195
8533
2685
5200
1077
4940
3678
209
5782
6602
8486
3429
4831
7771
5829
7290
4201
2034
1758
6977
1435
6807
3635
5388
410
2837
5120
3699
9091
439
1481
1563
1210
2359
3721
7793
903
427
547
6214
958
4282
4127
6408
2618
2575
1493
7066
2846
491
2831
7923
2522
4782
636
4308
2795
3696
4030
3142
9109
915
4849
5179
4455
7883
9752
907
7896
8226
8313
9171
1923
5763
7955
6711
6398
6383
1329
1903
7400
6442
1443
6253
6067
2738
632
4697
6604
154
391
6796
3483
3015
5601
6390
4245
7944
5718
8528
3139
20
2678
6804
4662
1302
601
3911
7528
4386
5036
334
6409
2906
4865
1024
3004
5596
6601
2118
7389
4321
9646
4952
7805
1641
745
9354
9624
7711
7449
5007
7185
7152
6484
4880
8680
314
6226
9493
1447
7095
9557
1961
6538
2973
8044
4998
66
8886
3755
3584
1339
6611
7759
8979
706
4193
8015
7669
7080
5017
1785
2104
1375
349
1270
4668
5761
6033
9574
5694
233
1182
2794
6708
1615
4027
105
2241
2558
9436
6681
6694
1053
982
2756
4449
8245
1805
8110
2914
4077
1089
6859
7484
6720
579
6313
9929
7650
4761
4645
1763
6710
1825
2638
1139
85
8046
3807
2921
7460
6677
1488
5462
3137
2176
3456
9160
3771
1554
9527
8439
2710
6393
5076
3579
8069
3646
6543
2819
3982
5756
4413
876
1351
4401
4840
535
5405
9568
1947
2222
2761
9775
2210
3772
1510
6257
3848
4108
9363
1065
216
3336
3873
6428
3481
1955
1923
9853
4502
6076
7912
8495
5313
1895
7966
7261
554
2213
1921
5825
5047
2022
8624
840
143
3911
6311
88
8236
3972
4253
6904
2423
336
4682
2051
2130
6046
8353
5586
2513
2454
6167
9159
2480
7384
678
2604
1869
5930
5221
4064
8881
897
6965
3481
9779
4961
690
2252
4158
1665
2900
2031
1470
9735
9500
7784
4617
2127
6356
4846
3705
4407
9427
607
7158
5778
206
3261
3808
4686
9489
7582
3116
5775
4296
866
9829
4283
4400
4577
4172
1713
1792
462
301
9321
7549
1807
377
6585
890
920
1646
9800
6498
1298
936
7339
4875
730
2177
3085
6199
1383
7446
4509
228
7577
3023
2928
8994
6773
9383
973
6473
853
1829
7710
5319
3841
4968
7465
1280
447
854
559
845
91
3690
3664
2759
499
1340
225
3947
3909
2444
589
7216
3744
3980
3874
5047
2491
5056
6787
3141
1726
3965
4175
9150
8218
8588
2578
7666
6900
6043
4594
6646
2923
1860
5219
3100
6811
1504
8113
5276
227
9972
2025
6323
5404
7376
9660
7834
8286
5261
6651
9862
7224
7696
7829
286
2779
908
8070
4593
7817
3533
2983
8440
8569
3536
4008
7922
2417
6077
4212
3094
3888
3783
2913
3691
776
3758
27
9010
4522
4504
1508
7737
1169
5453
9187
166
4667
9300
6405
7393
9887
8492
6833
9077
8198
4941
1437
2967
3877
2978
801
4601
6801
7360
9796
2533
5288
3809
683
6315
1239
992
3751
5863
2211
8497
966
6902
9527
2170
453
5096
8423
5843
5875
7664
8688
5605
2610
1363
2895
4245
7210
1350
1904
1872
4145
3554
3377
6705
2127
6242
1230
33
5959
6554
3971
4636
2671
6362
1916
6478
835
504
2456
975
9740
9857
3754
9290
7013
2775
5434
2275
3608
7013
4531
7296
2553
4487
2776
6878
3335
479
914
4661
2518
3011
3491
375
811
4295
7862
5367
7711
1157
3807
164
9271
5239
4500
9443
1384
3618
2022
7060
1415
2053
5742
7449
3408
1049
4097
2621
2236
2100
398
2662
8536
8422
7932
2316
2629
7045
6522
4970
6550
2631
8414
1508
5103
5288
9793
9286
10000
9997
9994
9991
9991
9990
9988
9985
9984
9983
9980
9979
9978
9977
9973
9970
9966
9962
9958
9958
9957
9957
9956
9955
9954
9953
9951
9950
9950
9949
9949
9949
9944
9944
9940
9940
9938
9938
9937
9937
9934
9927
9927
9925
9925
9924
9922
9922
9922
9921
9919
9919
9919
9917
9915
9914
9913
9913
9911
9910
9910
9908
9906
9906
9904
9904
9903
9902
9901
9901
9897
9897
9896
9895
9895
9895
9891
9890
9890
9889
9885
9883
9882
9882
9879
9878
9878
9876
9875
9875
9875
9872
9872
9869
9865
9864
9862
9858
9857
9857
9856
9855
9853
9853
9852
9851
9851
9851
9850
9847
9847
9847
9845
9844
9843
9841
9841
9839
9839
9839
9838
9838
9837
9837
9835
9833
9833
9833
9833
9832
9831
9828
9828
9826
9825
9823
9822
9819
9818
9817
9816
9816
9815
9814
9813
9812
9812
9811
9809
9806
9806
9805
9804
9804
9803
9803
9802
9801
9797
9796
9796
9795
9793
9792
9788
9787
9785
9783
9783
9783
9782
9779
9778
9777
9777
9773
9770
9769
9767
9766
9764
9764
9763
9760
9760
9759
9756
9751
9746
9746
9745
9745
9745
9745
9744
9741
9741
9740
9740
9738
9738
9736
9736
9735
9734
9732
9730
9724
9722
9720
9720
9720
9719
9716
9715
9714
9712
9709
9706
9706
9704
9704
9702
9698
9694
9692
9692
9690
9690
9689
9689
9689
9688
9687
9687
9687
9685
9683
9683
9682
9681
9680
9679
9678
9678
9678
9676
9676
9676
9672
9668
9667
9664
9661
9661
9659
9652
9651
9650
9649
9648
9643
9641
9640
9636
9631
9630
9630
9630
9629
9629
9625
9625
9625
9622
9621
9621
9620
9618
9617
9615
9615
9611
9610
9609
9607
9607
9606
9605
9605
9602
9601
9601
9600
9599
9598
9598
9598
9595
9592
9590
9589
9586
9585
9583
9581
9580
9580
9580
9579
9579
9577
9575
9575
9574
9574
9573
9570
9570
9569
9569
9564
9562
9562
9561
9561
9560
9559
9559
9557
9555
9555
9555
9554
9553
9550
9550
9546
9546
9545
9545
9543
9543
9541
9541
9540
9539
9539
9538
9530
9528
9526
9525
9525
9524
9524
9523
9520
9518
9513
9510
9510
9510
9509
9507
9506
9505
9503
9503
9501
9499
9497
9495
9495
9493
9493
9492
9491
9491
9490
9487
9486
9485
9485
9485
9484
9484
9483
9482
9481
9480
9479
9479
9476
9475
9471
9468
9467
9467
9466
9466
9464
9463
9463
9462
9462
9461
9460
9460
9457
9457
9455
9455
9454
9452
9451
9451
9450
9447
9437
9434
9432
9430
9430
9427
9425
9425
9424
9421
9419
9419
9419
9419
9417
9414
9413
9413
9411
9410
9410
9409
9407
9407
9407
9403
9401
9401
9400
9400
9399
9398
9396
9395
9394
9393
9390
9390
9387
9386
9385
9384
9382
9380
9380
9379
9377
9375
9374
9373
9373
9370
9369
9368
9366
9365
9364
9361
9360
9360
9357
9356
9351
9350
9349
9349
9348
9347
9347
9347
9346
9345
9342
9339
9336
9335
9334
9333
9328
9327
9326
9324
9322
9321
9317
9313
9313
9312
9311
9309
9308
9301
9300
9299
9298
9293
9290
9288
9285
9282
9282
9282
9282
9280
9278
9276
9275
9273
9273
9273
9273
9272
9272
9270
9270
9270
9269
9267
9264
9264
9262
9260
9259
9258
9256
9253
9253
9253
9253
9252
9250
9247
9245
9244
9242
9241
9241
9240
9239
9238
9236
9233
9231
9229
9228
9228
9227
9225
9225
9224
9223
9222
9222
9220
9220
9220
9219
9219
9215
9213
9211
9210
9210
9208
9207
9202
9201
9201
9200
9199
9198
9194
9194
9194
9194
9191
9190
9187
9179
9179
9178
9177
9176
9175
9174
9171
9171
9171
9169
9166
9165
9164
9163
9162
9162
9161
9160
9158
9157
9155
9153
9153
9150
9149
9148
9144
9144
9143
9141
9136
9136
9134
9133
9133
9132
9131
9130
9127
9125
9124
9123
9118
9117
9116
9112
9111
9110
9102
9101
9099
9099
9098
9098
9097
9097
9095
9094
9092
9092
9090
9087
9086
9084
9082
9078
9077
9075
9075
9073
9073
9070
9068
9064
9062
9059
9059
9058
9055
9054
9049
9048
9047
9047
9046
9046
9046
9046
9044
9044
9044
9043
9043
9043
9043
9042
9040
9038
9037
9037
9036
9032
9031
9031
9030
9030
9029
9029
9028
9027
9025
9025
9024
9024
9024
9024
9023
9023
9020
9019
9019
9017
9017
9016
9015
9014
9008
9007
9006
9006
9005
9004
9002
9002
9001
9000
8999
8999
8999
8997
8996
8995
8993
8992
8989
8986
8984
8981
8979
8977
8976
8976
8974
8972
8972
8971
8971
8970
8969
8968
8968
8967
8966
8962
8961
8960
8953
8951
8948
8945
8945
8944
8943
8943
8942
8939
8939
8939
8938
8938
8937
8936
8934
8933
8932
8931
8930
8930
8929
8928
8927
8925
8925
8924
8922
8921
8921
8920
8920
8919
8915
8913
8911
8911
8910
8908
8907
8903
8902
8900
8900
8898
8897
8896
8895
8894
8891
8889
8887
8886
8885
8883
8883
8883
8882
8881
8876
8876
8875
8874
8873
8872
8871
8871
8868
8865
8864
8861
8861
8861
8860
8860
8858
8856
8854
8853
8853
8853
8851
8846
8845
8844
8844
8843
8843
8841
8841
8840
8840
8840
8839
8837
8836
8835
8833
8833
8831
8830
8828
8827
8827
8826
8825
8825
8824
8823
8821
8820
8816
8812
8812
8812
8811
8810
8810
8810
8809
8807
8804
8801
8800
8800
8799
8796
8793
8793
8792
8791
8791
8788
8787
8786
8786
8784
8784
8783
8781
8780
8779
8777
8776
8774
8772
8771
8766
8766
8765
8765
8764
8762
8762
8761
8759
8757
8754
8754
8754
8753
8752
8752
8749
8744
8742
8741
8740
8740
8739
8739
8738
8737
8735
8735
8733
8733
8733
8732
8729
8729
8729
8727
8725
8724
8723
8723
8723
8722
8721
8721
8718
8718
8716
8716
8715
8713
8710
8710
8709
8708
8706
8706
8705
8697
8696
8695
8695
8693
8684
8683
8681
8679
8676
8675
8672
8672
8671
8670
8667
8665
8663
8660
8656
8655
8655
8655
8652
8652
8649
8647
8647
8646
8646
8645
8644
8644
8638
8637
8635
8634
8632
8630
8629
8628
8627
8627
8625
8623
8623
8622
8622
8620
8619
8619
8618
8618
8618
8617
8614
8614
8613
8611
8611
8611
8610
8610
8610
8610
8608
8607
8607
8602
8601
8600
8599
8597
8595
8594
8594
8594
8594
8593
8592
8589
8586
8585
8584
8584
8583
8583
8581
8580
8578
8577
8576
8572
8571
8571
8570
8566
8566
8565
8564
8562
8562
8561
8560
8560
8559
8558
8555
8550
8550
8548
8542
8542
8541
8540
8539
8538
8537
8537
8533
8532
8530
8529
8526
8525
8523
8521
8517
8517
8515
8514
8513
8511
8510
8510
8508
8507
8506
8502
8500
8498
8497
8496
8492
8492
8491
8491
8490
8489
8488
8487
8484
8483
8481
8481
8480
8479
8477
8476
8475
8471
8467
8467
8465
8464
8463
8461
8460
8460
8454
8453
8452
8450
8449
8449
8445
8445
8444
8441
8441
8438
8435
8435
8435
8434
8434
8433
8432
8430
8428
8427
8426
8426
8424
8422
8422
8420
8419
8418
8416
8414
8414
8414
8414
8412
8410
8409
8408
8405
8405
8405
8404
8400
8400
8398
8396
8394
8392
8391
8390
8389
8388
8385
8382
8381
8378
8375
8371
8371
8370
8365
8364
8362
8359
8359
8359
8359
8358
8356
8355
8355
8355
8354
8354
8353
8353
8349
8347
8347
8344
8344
8342
8341
8339
8339
8338
8337
8337
8336
8334
8331
8331
8330
8329
8328
8328
8327
8326
8325
8325
8325
8318
8317
8316
8315
8315
8314
8314
8313
8312
8312
8311
8311
8311
8311
8303
8302
8302
8300
8299
8297
8296
8296
8296
8295
8294
8293
8291
8291
8287
8286
8286
8285
8285
8283
8280
8279
8279
8278
8278
8274
8274
8271
8270
8267
8266
8264
8263
8263
8262
8260
8260
8260
8259
8259
8258
8255
8254
8252
8251
8251
8250
8245
8244
8242
8242
8242
8239
8239
8238
8237
8237
8233
8233
8231
8229
8229
8227
8226
8226
8225
8223
8222
8221
8221
8217
8216
8215
8214
8214
8214
8214
8214
8211
8210
8206
8205
8203
8201
8201
8199
8198
8197
8194
8192
8190
8189
8188
8186
8185
8185
8184
8180
8180
8180
8179
8178
8178
8177
8175
8174
8173
8172
8171
8170
8170
8169
8168
8168
8166
8165
8165
8156
8155
8155
8154
8154
8153
8149
8149
8148
8148
8146
8146
8145
8145
8145
8144
8143
8142
8142
8142
8140
8138
8137
8135
8135
8133
8133
8132
8132
8130
8129
8126
8125
8125
8124
8124
8124
8123
8121
8120
8120
8119
8118
8117
8117
8116
8116
8115
8114
8114
8113
8112
8108
8108
8107
8106
8105
8104
8104
8102
8101
8101
8099
8097
8097
8096
8093
8092
8092
8090
8090
8089
8089
8088
8088
8086
8086
8085
8083
8082
8082
8081
8080
8078
8077
8077
8075
8074
8074
8071
8071
8068
8064
8059
8059
8059
8059
8058
8058
8058
8057
8057
8054
8054
8053
8052
8052
8047
8046
8045
8045
8043
8042
8040
8040
8037
8034
8034
8034
8033
8031
8030
8030
8027
8027
8026
8025
8022
8022
8021
8019
8019
8018
8017
8016
8015
8013
8013
8012
8012
8009
8008
8007
8006
8005
8005
8004
8003
8003
8002
8000
7998
7998
7996
7996
7995
7994
7991
7991
7990
7988
7981
7979
7979
7973
7969
7968
7968
7966
7966
7966
7965
7962
7961
7961
7960
7957
7955
7954
7954
7949
7945
7945
7940
7940
7939
7939
7938
7938
7936
7935
7934
7934
7932
7931
7930
7929
7926
7926
7924
7923
7922
7917
7916
7916
7913
7906
7905
7904
7904
7901
7899
7899
7899
7898
7897
7895
7895
7892
7892
7889
7887
7886
7881
7880
7880
7879
7878
7878
7876
7875
7875
7874
7872
7872
7869
7868
7868
7867
7866
7860
7860
7860
7857
7856
7855
7855
7851
7850
7850
7850
7843
7842
7839
7838
7836
7835
7833
7832
7832
7831
7828
7828
7827
7826
7825
7822
7821
7821
7821
7821
7819
7819
7819
7819
7819
7818
7818
7815
7815
7813
7813
7812
7812
7811
7810
7809
7809
7807
7807
7806
7806
7805
7804
7804
7803
7800
7798
7797
7795
7794
7790
7787
7787
7786
7784
7783
7783
7782
7782
7781
7778
7776
7774
7772
7769
7768
7767
7767
7766
7766
7766
7763
7763
7762
7761
7760
7760
7757
7755
7753
7752
7751
7751
7750
7748
7746
7745
7745
7745
7744
7744
7742
7740
7739
7738
7738
7737
7737
7736
7735
7734
7733
7733
7733
7731
7730
7727
7727
7727
7726
7726
7724
7721
7719
7717
7717
7717
7716
7711
7709
7708
7706
7704
7704
7702
7701
7698
7696
7696
7693
7692
7691
7691
7690
7690
7686
7686
7684
7683
7682
7681
7680
7679
7674
7671
7671
7670
7669
7669
7668
7668
7668
7667
7666
7664
7663
7660
7660
7660
7657
7657
7656
7656
7656
7656
7655
7655
7654
7654
7653
7652
7649
7646
7646
7643
7643
7640
7635
7634
7632
7631
7630
7630
7629
7626
7623
7621
7620
7619
7617
7616
7616
7615
7609
7607
7605
7602
7601
7600
7599
7599
7599
7590
7590
7589
7587
7586
7585
7584
7584
7584
7580
7578
7578
7578
7576
7574
7573
7573
7571
7570
7570
7568
7567
7567
7565
7565
7563
7562
7562
7561
7560
7554
7553
7553
7548
7546
7546
7545
7545
7544
7543
7540
7540
7538
7538
7537
7533
7532
7532
7528
7528
7527
7526
7523
7523
7523
7522
7520
7520
7519
7519
7518
7517
7516
7516
7514
7512
7510
7506
7506
7506
7505
7505
7505
7504
7502
7502
7502
7501
7501
7499
7499
7499
7498
7495
7495
7494
7494
7493
7493
7493
7489
7487
7487
7483
7483
7481
7478
7478
7477
7477
7476
7473
7473
7471
7470
7467
7464
7463
7459
7457
7456
7456
7455
7452
7451
7450
7450
7448
7447
7447
7447
7447
7446
7445
7442
7440
7439
7438
7438
7438
7437
7436
7436
7434
7431
7430
7429
7429
7428
7423
7423
7423
7422
7422
7422
7420
7418
7417
7416
7413
7411
7410
7409
7409
7409
7407
7405
7405
7403
7402
7399
7399
7398
7398
7397
7394
7393
7393
7392
7391
7389
7388
7386
7386
7385
7385
7385
7385
7384
7382
7380
7379
7377
7376
7376
7376
7370
7369
7369
7364
7362
7361
7359
7358
7356
7353
7351
7349
7349
7348
7347
7346
7344
7343
7338
7335
7333
7333
7333
7332
7331
7331
7331
7329
7328
7325
7324
7324
7320
7319
7319
7315
7315
7310
7305
7305
7304
7304
7303
7303
7303
7301
7301
7301
7299
7296
7295
7294
7293
7292
7286
7286
7286
7284
7283
7282
7282
7282
7281
7281
7279
7278
7278
7276
7275
7273
7272
7272
7271
7270
7266
7265
7263
7263
7261
7260
7259
7257
7255
7254
7254
7253
7252
7251
7250
7249
7248
7246
7244
7239
7238
7238
7236
7236
7235
7233
7231
7230
7229
7228
7226
7225
7225
7223
7223
7222
7220
7220
7220
7218
7217
7217
7217
7210
7210
7209
7208
7208
7207
7206
7205
7203
7201
7201
7201
7199
7199
7199
7198
7197
7192
7192
7190
7190
7189
7189
7187
7186
7182
7178
7177
7174
7173
7170
7170
7170
7169
7169
7168
7167
7167
7167
7166
7165
7162
7161
7160
7160
7158
7156
7156
7156
7155
7155
7153
7152
7152
7152
7151
7151
7148
7146
7145
7145
7144
7141
7141
7138
7137
7135
7134
7134
7133
7132
7132
7131
7129
7127
7126
7126
7126
7124
7119
7119
7119
7118
7117
7117
7115
7114
7110
7108
7108
7106
7105
7105
7104
7099
7096
7095
7094
7093
7092
7085
7082
7078
7078
7078
7077
7077
7076
7075
7074
7072
7071
7071
7068
7066
7063
7063
7061
7056
7055
7055
7054
7054
7054
7054
7054
7051
7050
7048
7047
7047
7046
7044
7042
7042
7042
7041
7039
7039
7039
7039
7038
7038
7036
7035
7034
7034
7033
7032
7031
7031
7030
7028
7026
7025
7023
7022
7022
7020
7020
7017
7016
7015
7014
7012
7007
7007
7004
7003
7003
7002
7002
7001
7000
6999
6999
6997
6995
6995
6991
6990
6988
6987
6986
6986
6986
6985
6984
6983
6981
6980
6977
6977
6976
6976
6973
6973
6973
6973
6972
6972
6969
6967
6966
6965
6963
6962
6961
6960
6960
6958
6955
6955
6954
6951
6951
6949
6949
6948
6946
6946
6945
6944
6944
6943
6942
6941
6941
6935
6934
6933
6933
6932
6931
6930
6924
6923
6923
6920
6919
6918
6917
6917
6916
6916
6914
6913
6911
6911
6907
6907
6905
6901
6900
6899
6896
6896
6894
6894
6894
6892
6891
6889
6889
6886
6885
6884
6881
6877
6875
6875
6874
6872
6872
6871
6871
6868
6864
6863
6863
6859
6859
6858
6855
6855
6855
6854
6852
6849
6847
6846
6845
6845
6844
6843
6843
6841
6839
6838
6837
6837
6837
6836
6836
6836
6835
6835
6834
6834
6833
6832
6831
6829
6826
6824
6824
6822
6820
6818
6817
6817
6816
6815
6815
6812
6812
6811
6811
6810
6810
6810
6807
6805
6803
6803
6797
6796
6796
6795
6794
6792
6792
6786
6786
6783
6782
6781
6775
6775
6774
6773
6773
6772
6772
6771
6771
6770
6770
6768
6760
6760
6759
6758
6758
6757
6756
6754
6754
6753
6751
6747
6746
6743
6742
6742
6741
6740
6740
6740
6740
6737
6736
6735
6734
6734
6733
6730
6730
6728
6724
6720
6720
6720
6719
6717
6717
6715
6714
6709
6703
6703
6702
6700
6699
6696
6695
6692
6692
6691
6691
6691
6690
6690
6690
6690
6686
6685
6683
6682
6681
6681
6679
6675
6672
6671
6670
6670
6667
6665
6662
6661
6659
6657
6656
6651
6650
6646
6646
6639
6637
6637
6630
6628
6626
6623
6623
6622
6621
6620
6618
6617
6615
6614
6610
6608
6607
6606
6604
6602
6602
6600
6593
6592
6589
6588
6588
6587
6586
6585
6584
6583
6583
6582
6579
6578
6577
6577
6577
6576
6574
6571
6570
6565
6565
6561
6561
6561
6558
6558
6557
6555
6555
6554
6550
6546
6546
6543
6543
6542
6540
6538
6537
6536
6536
6536
6535
6535
6535
6535
6533
6533
6532
6531
6529
6528
6526
6524
6519
6516
6515
6514
6508
6505
6503
6502
6497
6496
6496
6495
6495
6492
6491
6490
6487
6484
6484
6482
6482
6482
6481
6481
6480
6480
6478
6476
6475
6475
6475
6472
6471
6471
6469
6468
6466
6462
6458
6455
6454
6452
6451
6451
6450
6449
6448
6443
6443
6441
6441
6438
6438
6436
6436
6435
6434
6434
6433
6431
6430
6428
6426
6424
6421
6421
6420
6420
6419
6418
6418
6416
6408
6408
6408
6406
6406
6404
6404
6402
6400
6398
6398
6397
6393
6390
6388
6388
6387
6386
6385
6385
6384
6382
6380
6380
6376
6372
6371
6370
6369
6368
6365
6364
6363
6362
6359
6358
6355
6355
6355
6354
6349
6349
6346
6346
6344
6342
6340
6339
6339
6339
6338
6334
6334
6331
6328
6327
6325
6325
6324
6323
6322
6321
6319
6317
6315
6314
6312
6312
6311
6308
6306
6304
6302
6300
6292
6292
6291
6290
6290
6289
6289
6289
6288
6286
6283
6282
6282
6282
6282
6281
6281
6280
6279
6278
6278
6278
6277
6272
6270
6269
6268
6267
6267
6265
6265
6265
6263
6263
6263
6261
6260
6260
6260
6258
6258
6257
6256
6254
6254
6253
6252
6247
6247
6247
6246
6246
6244
6244
6242
6240
6240
6238
6235
6235
6233
6232
6231
6231
6230
6229
6227
6226
6224
6223
6220
6218
6218
6218
6217
6215
6215
6214
6214
6214
6213
6213
6212
6211
6211
6210
6210
6210
6209
6203
6202
6201
6200
6200
6197
6193
6193
6192
6191
6190
6189
6189
6187
6186
6186
6183
6181
6180
6180
6180
6179
6177
6176
6172
6172
6171
6171
6168
6166
6166
6165
6162
6161
6160
6159
6157
6156
6153
6150
6150
6149
6146
6145
6145
6144
6144
6144
6142
6142
6139
6139
6139
6139
6136
6135
6134
6133
6132
6128
6126
6123
6123
6122
6120
6119
6118
6117
6116
6114
6113
6112
6111
6111
6110
6106
6105
6103
6101
6101
6100
6100
6099
6099
6097
6096
6096
6095
6094
6091
6089
6086
6084
6084
6084
6084
6083
6082
6082
6081
6081
6080
6080
6080
6079
6078
6073
6071
6067
6060
6054
6053
6053
6053
6052
6047
6046
6043
6043
6042
6039
6039
6037
6036
6035
6032
6031
6031
6030
6030
6030
6029
6025
6023
6019
6019
6016
6015
6014
6013
6011
6011
6010
6005
6005
6003
6003
5993
5993
5988
5987
5986
5986
5978
5975
5971
5968
5967
5960
5960
5958
5957
5957
5956
5955
5954
5953
5953
5952
5952
5950
5949
5949
5945
5944
5944
5943
5943
5941
5940
5937
5936
5936
5934
5928
5928
5927
5926
5926
5926
5924
5921
5921
5920
5920
5918
5917
5917
5917
5916
5916
5915
5914
5914
5913
5909
5908
5906
5904
5904
5904
5904
5903
5903
5902
5901
5895
5894
5893
5891
5891
5888
5888
5886
5882
5877
5875
5874
5874
5874
5873
5873
5873
5872
5867
5867
5866
5865
5864
5862
5861
5861
5861
5860
5860
5858
5855
5852
5850
5847
5847
5844
5842
5842
5841
5840
5838
5835
5834
5833
5833
5831
5831
5830
5829
5828
5826
5826
5822
5819
5817
5815
5811
5811
5810
5810
5810
5809
5808
5807
5806
5806
5804
5803
5802
5801
5801
5799
5799
5798
5797
5794
5790
5789
5788
5787
5786
5786
5786
5785
5784
5784
5783
5783
5781
5777
5777
5775
5774
5774
5773
5770
5764
5763
5762
5759
5759
5759
5758
5758
5757
5756
5755
5755
5754
5753
5753
5748
5747
5742
5739
5739
5738
5738
5736
5733
5732
5729
5728
5727
5727
5725
5725
5724
5723
5719
5719
5717
5714
5714
5713
5712
5712
5711
5710
5709
5708
5707
5706
5706
5704
5703
5702
5701
5698
5697
5697
5696
5696
5695
5693
5689
5686
5686
5686
5683
5683
5682
5681
5679
5679
5678
5678
5672
5669
5668
5668
5666
5666
5663
5663
5663
5662
5662
5660
5659
5658
5658
5658
5656
5655
5654
5654
5654
5650
5649
5648
5648
5648
5645
5644
5643
5643
5639
5637
5635
5633
5633
5632
5632
5631
5631
5623
5621
5621
5621
5621
5620
5620
5619
5617
5616
5616
5615
5614
5612
5611
5610
5610
5609
5607
5606
5601
5601
5599
5597
5595
5592
5591
5590
5589
5588
5587
5585
5585
5584
5583
5582
5581
5581
5580
5578
5578
5578
5576
5576
5570
5569
5566
5565
5565
5564
5564
5563
5563
5562
5559
5557
5556
5554
5554
5553
5553
5552
5551
5551
5550
5542
5540
5540
5540
5539
5537
5537
5535
5534
5533
5529
5526
5524
5523
5523
5523
5522
5522
5519
5519
5519
5518
5516
5512
5512
5511
5510
5508
5504
5503
5499
5498
5494
5490
5485
5479
5478
5477
5476
5475
5475
5473
5473
5472
5470
5469
5468
5468
5467
5463
5462
5462
5461
5459
5458
5457
5455
5455
5455
5454
5453
5453
5451
5449
5448
5446
5445
5445
5443
5443
5442
5442
5442
5440
5440
5436
5434
5433
5433
5432
5428
5428
5426
5425
5423
5423
5421
5421
5418
5418
5417
5415
5412
5411
5408
5408
5406
5406
5403
5403
5400
5399
5397
5397
5397
5395
5394
5393
5392
5391
5389
5389
5387
5387
5384
5381
5380
5380
5377
5376
5376
5375
5374
5374
5374
5373
5370
5368
5368
5367
5367
5366
5363
5363
5361
5361
5360
5359
5358
5357
5355
5355
5353
5352
5351
5351
5346
5345
5344
5342
5340
5338
5338
5336
5335
5335
5332
5330
5329
5327
5324
5323
5323
5321
5321
5319
5315
5315
5314
5312
5310
5309
5307
5307
5306
5303
5301
5300
5299
5299
5296
5294
5292
5292
5291
5290
5290
5290
5286
5285
5285
5284
5282
5281
5279
5278
5275
5274
5272
5264
5264
5263
5261
5261
5260
5260
5259
5255
5254
5253
5253
5252
5251
5250
5248
5247
5246
5245
5245
5243
5243
5242
5242
5242
5241
5238
5237
5237
5236
5233
5233
5230
5229
5227
5227
5226
5223
5223
5222
5222
5219
5219
5218
5217
5216
5214
5213
5213
5212
5209
5209
5205
5203
5202
5202
5200
5200
5200
5199
5199
5198
5197
5192
5189
5189
5188
5183
5181
5181
5180
5179
5176
5173
5171
5168
5163
5161
5159
5158
5157
5155
5155
5153
5149
5149
5148
5148
5147
5147
5147
5147
5142
5139
5138
5137
5137
5134
5134
5133
5131
5130
5127
5127
5124
5124
5124
5122
5122
5118
5114
5113
5111
5108
5107
5105
5105
5104
5103
5101
5100
5100
5099
5099
5098
5097
5097
5097
5094
5094
5090
5087
5086
5086
5085
5084
5084
5084
5083
5083
5082
5082
5080
5080
5079
5075
5072
5071
5068
5067
5065
5063
5063
5060
5056
5055
5054
5053
5050
5050
5050
5049
5048
5047
5044
5044
5042
5040
5039
5039
5039
5039
5038
5038
5036
5032
5030
5030
5029
5028
5027
5026
5025
5023
5022
5021
5020
5020
5018
5015
5013
5013
5012
5012
5010
5008
5008
5008
5005
5000
4999
4998
4996
4996
4992
4992
4991
4991
4990
4989
4986
4985
4984
4983
4982
4982
4981
4979
4978
4977
4977
4976
4975
4974
4973
4973
4971
4970
4969
4968
4968
4967
4966
4961
4960
4960
4960
4959
4957
4954
4953
4952
4952
4952
4951
4951
4949
4948
4942
4940
4938
4938
4937
4929
4928
4927
4925
4922
4922
4922
4921
4917
4915
4914
4908
4905
4905
4904
4899
4899
4891
4888
4888
4886
4882
4880
4879
4879
4879
4877
4877
4875
4873
4873
4865
4865
4863
4862
4861
4861
4861
4859
4859
4858
4850
4850
4849
4845
4845
4843
4842
4836
4834
4827
4820
4819
4818
4815
4814
4814
4810
4809
4808
4806
4806
4804
4804
4804
4804
4803
4803
4801
4800
4798
4796
4795
4795
4794
4793
4792
4791
4789
4788
4787
4786
4785
4783
4780
4779
4778
4778
4777
4776
4775
4773
4773
4772
4772
4769
4768
4764
4762
4761
4761
4761
4760
4759
4758
4758
4756
4755
4754
4753
4753
4752
4749
4749
4748
4747
4746
4745
4742
4741
4741
4739
4738
4737
4736
4736
4735
4734
4733
4733
4732
4730
4729
4728
4727
4727
4727
4725
4723
4723
4720
4719
4718
4717
4716
4715
4715
4714
4714
4714
4707
4706
4700
4698
4698
4698
4698
4696
4695
4691
4691
4689
4688
4688
4685
4683
4683
4680
4679
4675
4675
4672
4671
4670
4668
4668
4667
4665
4665
4665
4663
4661
4661
4658
4658
4657
4656
4656
4654
4653
4652
4651
4650
4649
4648
4646
4645
4645
4644
4643
4642
4640
4638
4637
4637
4636
4633
4630
4630
4628
4627
4627
4626
4626
4625
4622
4621
4616
4615
4615
4614
4614
4613
4611
4610
4610
4610
4609
4608
4606
4602
4601
4599
4598
4597
4596
4592
4592
4588
4587
4587
4586
4585
4583
4582
4579
4579
4578
4578
4578
4576
4573
4572
4572
4571
4571
4570
4569
4568
4565
4564
4564
4564
4561
4561
4561
4561
4560
4560
4559
4556
4554
4553
4553
4552
4550
4548
4548
4547
4542
4541
4540
4538
4538
4538
4538
4537
4536
4533
4529
4528
4527
4526
4523
4522
4522
4521
4520
4519
4516
4513
4507
4505
4505
4505
4504
4502
4502
4501
4500
4497
4491
4490
4489
4487
4485
4481
4481
4481
4479
4479
4478
4478
4477
4476
4474
4472
4468
4465
4464
4461
4461
4458
4456
4456
4456
4455
4455
4453
4453
4452
4451
4450
4449
4447
4447
4445
4444
4443
4440
4439
4438
4434
4432
4432
4430
4429
4426
4425
4423
4423
4420
4418
4416
4416
4415
4414
4413
4412
4410
4409
4407
4407
4406
4405
4402
4402
4399
4398
4397
4395
4393
4392
4389
4388
4384
4384
4381
4381
4379
4378
4378
4376
4375
4370
4370
4369
4368
4368
4367
4366
4365
4364
4364
4364
4360
4359
4357
4356
4356
4355
4355
4354
4353
4345
4344
4343
4340
4339
4338
4337
4336
4335
4334
4333
4331
4331
4329
4328
4326
4325
4323
4319
4319
4318
4317
4316
4315
4314
4314
4313
4311
4310
4309
4309
4307
4304
4304
4302
4301
4301
4294
4294
4294
4293
4292
4292
4288
4286
4279
4277
4277
4275
4273
4272
4271
4270
4268
4267
4265
4264
4264
4263
4263
4262
4261
4260
4260
4258
4255
4255
4255
4251
4250
4250
4250
4248
4245
4242
4242
4241
4240
4240
4235
4234
4234
4233
4232
4232
4231
4231
4231
4229
4227
4223
4223
4222
4219
4219
4218
4217
4217
4215
4215
4213
4213
4211
4211
4210
4207
4204
4203
4202
4201
4201
4200
4198
4196
4195
4195
4194
4191
4190
4189
4188
4185
4182
4179
4176
4172
4172
4169
4168
4168
4167
4166
4165
4164
4164
4161
4158
4158
4157
4157
4156
4153
4151
4148
4148
4145
4142
4141
4132
4132
4132
4132
4131
4130
4128
4127
4126
4126
4126
4125
4123
4123
4121
4118
4118
4116
4116
4115
4113
4113
4112
4112
4108
4106
4106
4104
4102
4101
4101
4101
4101
4092
4091
4089
4085
4084
4083
4082
4079
4077
4076
4075
4075
4073
4071
4069
4068
4065
4064
4060
4058
4055
4054
4047
4046
4046
4045
4043
4041
4041
4038
4036
4033
4033
4032
4032
4032
4031
4030
4028
4027
4025
4024
4023
4021
4021
4021
4018
4018
4016
4015
4015
4013
4012
4011
4008
4008
4008
4005
4004
4003
4002
4002
4000
3998
3998
3997
3996
3994
3994
3993
3992
3990
3987
3986
3985
3984
3983
3982
3982
3982
3981
3980
3979
3978
3978
3978
3978
3977
3974
3974
3973
3968
3965
3964
3962
3961
3960
3960
3958
3957
3955
3954
3952
3950
3949
3945
3945
3942
3940
3940
3937
3933
3932
3931
3931
3931
3930
3927
3927
3926
3925
3922
3921
3921
3920
3920
3920
3920
3918
3917
3915
3914
3911
3910
3909
3909
3909
3906
3906
3905
3903
3903
3901
3901
3901
3901
3899
3897
3895
3894
3892
3892
3889
3889
3886
3885
3884
3883
3881
3877
3874
3874
3874
3874
3872
3871
3869
3868
3867
3865
3865
3865
3864
3861
3858
3853
3852
3852
3851
3847
3846
3845
3843
3843
3842
3842
3840
3838
3837
3836
3835
3835
3834
3834
3833
3831
3830
3830
3829
3824
3824
3819
3818
3814
3812
3811
3810
3807
3806
3806
3805
3805
3805
3804
3800
3799
3798
3797
3795
3795
3795
3794
3794
3790
3787
3785
3785
3784
3783
3783
3783
3783
3783
3782
3782
3782
3781
3777
3777
3777
3775
3775
3773
3773
3772
3772
3772
3769
3769
3768
3767
3764
3764
3764
3760
3759
3758
3758
3755
3752
3750
3750
3749
3748
3748
3748
3746
3744
3743
3742
3741
3739
3733
3732
3730
3730
3729
3728
3728
3727
3722
3718
3717
3716
3714
3710
3709
3709
3708
3706
3706
3706
3705
3704
3701
3699
3698
3698
3696
3694
3693
3693
3691
3689
3689
3679
3677
3676
3675
3674
3674
3674
3673
3673
3673
3672
3669
3661
3660
3656
3656
3655
3655
3655
3652
3651
3651
3649
3649
3648
3648
3647
3645
3645
3644
3643
3643
3642
3642
3642
3641
3639
3635
3633
3629
3629
3628
3628
3628
3627
3626
3626
3624
3619
3619
3617
3617
3616
3613
3610
3608
3606
3606
3604
3599
3599
3598
3597
3597
3595
3594
3594
3593
3593
3591
3590
3590
3589
3587
3586
3584
3583
3578
3578
3577
3576
3576
3575
3573
3572
3572
3571
3567
3567
3566
3556
3554
3550
3550
3550
3547
3547
3547
3546
3546
3545
3544
3542
3540
3540
3538
3537
3536
3535
3530
3530
3529
3529
3529
3528
3528
3526
3525
3523
3523
3523
3521
3520
3520
3520
3519
3519
3519
3518
3517
3516
3514
3513
3513
3512
3511
3511
3510
3509
3506
3503
3497
3496
3496
3494
3493
3493
3491
3491
3490
3488
3487
3486
3483
3483
3482
3481
3477
3475
3475
3474
3473
3472
3469
3469
3468
3468
3466
3464
3463
3461
3461
3461
3460
3460
3460
3459
3458
3457
3457
3450
3448
3448
3447
3444
3438
3435
3435
3434
3431
3430
3430
3428
3427
3425
3423
3423
3422
3419
3419
3418
3418
3417
3415
3414
3412
3411
3410
3404
3404
3402
3400
3400
3399
3398
3398
3396
3396
3396
3395
3395
3393
3391
3391
3391
3390
3390
3389
3386
3386
3386
3386
3385
3384
3384
3383
3381
3380
3378
3375
3374
3373
3373
3373
3371
3371
3370
3368
3368
3366
3365
3362
3362
3360
3358
3357
3357
3351
3351
3350
3350
3349
3348
3347
3343
3342
3342
3342
3341
3340
3339
3337
3337
3336
3335
3335
3334
3333
3332
3332
3331
3331
3331
3330
3329
3328
3320
3318
3317
3317
3315
3314
3311
3311
3309
3308
3306
3305
3305
3304
3303
3300
3299
3299
3298
3298
3298
3297
3297
3297
3297
3296
3296
3294
3292
3291
3291
3289
3287
3287
3286
3285
3284
3283
3278
3276
3275
3275
3274
3266
3264
3263
3261
3260
3260
3255
3252
3250
3250
3249
3248
3245
3244
3244
3242
3240
3240
3237
3236
3236
3236
3231
3230
3229
3226
3225
3224
3222
3222
3221
3218
3216
3215
3214
3213
3213
3213
3211
3208
3207
3205
3205
3203
3198
3196
3196
3196
3193
3191
3188
3188
3185
3184
3184
3183
3181
3179
3175
3171
3171
3169
3167
3166
3164
3163
3161
3160
3159
3158
3157
3155
3153
3152
3151
3148
3148
3146
3143
3143
3141
3140
3139
3139
3139
3138
3138
3137
3136
3135
3134
3133
3132
3130
3130
3129
3128
3127
3124
3123
3123
3121
3119
3118
3117
3117
3117
3117
3113
3112
3111
3110
3108
3107
3107
3105
3102
3101
3101
3101
3099
3097
3095
3093
3091
3088
3088
3088
3088
3086
3084
3081
3081
3080
3079
3078
3077
3077
3077
3076
3074
3073
3072
3071
3071
3069
3069
3069
3068
3066
3064
3062
3061
3059
3059
3058
3058
3058
3056
3056
3053
3053
3053
3052
3051
3051
3050
3047
3047
3045
3045
3042
3038
3037
3032
3029
3029
3029
3029
3028
3028
3026
3026
3025
3025
3023
3023
3021
3021
3020
3019
3018
3017
3016
3016
3014
3014
3012
3012
3011
3008
3008
3006
3006
2997
2995
2992
2992
2992
2989
2989
2987
2987
2984
2983
2980
2980
2980
2978
2977
2977
2975
2974
2974
2973
2971
2970
2966
2966
2964
2960
2959
2956
2954
2953
2953
2950
2948
2948
2945
2945
2941
2940
2940
2939
2938
2938
2935
2931
2930
2929
2927
2927
2927
2926
2925
2925
2925
2924
2923
2923
2923
2922
2920
2920
2920
2917
2913
2910
2905
2904
2904
2902
2902
2902
2901
2900
2899
2898
2897
2896
2896
2896
2895
2894
2893
2892
2890
2889
2887
2885
2881
2878
2877
2876
2875
2873
2870
2865
2865
2865
2864
2864
2864
2862
2860
2859
2857
2857
2856
2856
2853
2853
2850
2849
2847
2846
2845
2844
2844
2843
2842
2842
2842
2841
2840
2838
2838
2838
2838
2835
2834
2834
2832
2829
2826
2824
2822
2822
2821
2821
2819
2818
2815
2815
2813
2813
2812
2810
2808
2808
2808
2806
2805
2803
2800
2799
2798
2798
2798
2798
2795
2794
2793
2793
2793
2790
2784
2784
2783
2782
2780
2779
2778
2777
2776
2776
2774
2774
2771
2771
2771
2770
2769
2767
2766
2765
2765
2764
2759
2758
2757
2757
2754
2753
2751
2750
2746
2745
2744
2741
2741
2739
2739
2738
2738
2736
2736
2736
2733
2729
2727
2727
2726
2726
2724
2723
2720
2718
2717
2717
2715
2714
2713
2710
2708
2707
2704
2704
2703
2702
2702
2699
2697
2694
2693
2692
2689
2688
2688
2687
2687
2686
2686
2686
2681
2676
2676
2673
2671
2669
2665
2664
2663
2663
2662
2661
2661
2660
2660
2659
2658
2656
2655
2652
2649
2649
2649
2649
2647
2641
2639
2635
2633
2632
2631
2628
2628
2626
2626
2623
2622
2621
2619
2616
2614
2613
2612
2610
2610
2607
2606
2606
2601
2600
2600
2599
2599
2599
2594
2594
2593
2593
2588
2588
2583
2582
2579
2579
2577
2576
2574
2571
2569
2563
2563
2562
2558
2558
2557
2557
2552
2550
2548
2548
2548
2546
2545
2541
2541
2540
2539
2537
2533
2532
2528
2528
2527
2524
2522
2522
2520
2520
2519
2518
2517
2516
2516
2516
2515
2513
2513
2512
2511
2507
2505
2505
2504
2503
2502
2502
2500
2496
2495
2494
2493
2493
2492
2492
2491
2489
2488
2485
2485
2484
2484
2483
2483
2482
2479
2477
2476
2475
2475
2475
2475
2474
2472
2472
2472
2469
2463
2462
2459
2455
2450
2449
2443
2441
2440
2438
2437
2437
2436
2433
2433
2432
2431
2431
2431
2431
2430
2428
2424
2423
2421
2421
2420
2420
2417
2417
2416
2412
2412
2410
2407
2406
2405
2404
2403
2403
2401
2400
2400
2396
2394
2394
2393
2388
2388
2386
2386
2385
2385
2383
2383
2382
2379
2379
2377
2377
2376
2376
2374
2374
2373
2370
2365
2364
2361
2360
2356
2351
2346
2345
2344
2343
2342
2341
2341
2340
2339
2339
2336
2334
2333
2333
2333
2332
2332
2332
2330
2329
2326
2324
2319
2318
2318
2315
2315
2315
2314
2313
2312
2312
2311
2311
2310
2309
2309
2304
2304
2303
2303
2302
2302
2300
2300
2298
2296
2294
2293
2290
2289
2289
2289
2289
2288
2287
2286
2285
2285
2285
2284
2282
2282
2281
2281
2280
2280
2280
2279
2278
2278
2276
2276
2274
2272
2270
2270
2269
2262
2260
2260
2258
2258
2256
2255
2253
2253
2252
2252
2252
2248
2247
2247
2246
2245
2244
2244
2243
2241
2239
2237
2234
2231
2231
2229
2228
2228
2225
2224
2224
2222
2219
2216
2215
2214
2212
2212
2211
2209
2207
2206
2203
2202
2200
2199
2198
2198
2197
2192
2192
2192
2190
2190
2189
2182
2182
2181
2180
2179
2179
2179
2178
2178
2177
2177
2177
2173
2172
2171
2170
2169
2169
2168
2168
2166
2165
2164
2162
2160
2160
2160
2154
2152
2146
2146
2144
2144
2144
2142
2141
2140
2138
2137
2136
2135
2134
2133
2133
2132
2132
2131
2131
2129
2124
2120
2120
2120
2118
2117
2117
2117
2117
2114
2106
2105
2102
2102
2099
2098
2094
2094
2093
2092
2090
2084
2075
2075
2075
2073
2073
2068
2068
2068
2067
2067
2065
2065
2065
2064
2064
2064
2056
2055
2054
2053
2053
2052
2052
2050
2050
2048
2047
2046
2046
2042
2041
2041
2036
2034
2034
2034
2034
2031
2031
2031
2026
2024
2023
2021
2021
2018
2018
2014
2013
2012
2011
2009
2007
2007
2006
2005
2002
2001
1999
1998
1998
1997
1995
1995
1994
1990
1990
1990
1988
1987
1986
1986
1986
1984
1982
1981
1980
1979
1978
1977
1974
1973
1971
1970
1964
1962
1962
1960
1958
1953
1953
1952
1950
1949
1949
1946
1945
1945
1945
1945
1943
1942
1942
1941
1940
1938
1937
1936
1936
1935
1933
1930
1930
1929
1929
1929
1928
1925
1922
1921
1920
1919
1917
1916
1912
1911
1910
1910
1910
1907
1906
1906
1905
1902
1899
1899
1898
1896
1894
1893
1893
1890
1884
1881
1880
1880
1879
1877
1877
1873
1872
1872
1870
1870
1869
1868
1868
1868
1866
1866
1862
1861
1860
1859
1859
1858
1857
1857
1857
1854
1854
1853
1853
1850
1849
1848
1847
1847
1844
1842
1840
1840
1837
1836
1836
1835
1834
1834
1834
1832
1831
1829
1825
1825
1823
1822
1822
1820
1815
1812
1812
1811
1811
1807
1805
1802
1800
1800
1799
1798
1797
1797
1796
1795
1791
1790
1788
1786
1782
1780
1778
1777
1777
1776
1774
1774
1774
1773
1773
1773
1771
1768
1768
1768
1768
1768
1765
1764
1764
1763
1763
1763
1761
1760
1760
1759
1759
1758
1758
1755
1753
1753
1750
1749
1748
1747
1744
1744
1744
1738
1738
1735
1733
1731
1729
1725
1723
1723
1722
1721
1719
1718
1717
1715
1715
1712
1711
1710
1710
1707
1706
1703
1703
1702
1702
1700
1699
1699
1699
1698
1697
1693
1691
1688
1687
1686
1685
1685
1683
1682
1682
1681
1680
1678
1673
1672
1672
1672
1669
1668
1667
1664
1662
1662
1661
1661
1661
1658
1657
1653
1652
1651
1650
1650
1650
1647
1647
1646
1646
1646
1645
1641
1641
1637
1636
1635
1633
1633
1632
1630
1630
1629
1629
1628
1626
1626
1624
1622
1618
1615
1615
1615
1614
1613
1610
1607
1606
1604
1603
1603
1601
1599
1598
1598
1597
1597
1594
1589
1588
1588
1588
1587
1587
1582
1578
1578
1577
1574
1572
1572
1571
1569
1568
1567
1566
1566
1565
1564
1564
1564
1563
1561
1559
1558
1557
1554
1553
1551
1550
1549
1547
1546
1544
1541
1539
1537
1537
1536
1535
1532
1532
1530
1529
1529
1526
1524
1523
1522
1522
1521
1518
1517
1516
1514
1514
1510
1509
1508
1506
1505
1503
1500
1499
1495
1494
1493
1493
1491
1489
1487
1485
1484
1484
1480
1480
1478
1477
1476
1476
1475
1475
1472
1472
1471
1470
1470
1469
1468
1467
1466
1466
1465
1463
1462
1462
1462
1461
1461
1460
1455
1455
1454
1454
1454
1453
1453
1452
1452
1450
1445
1444
1443
1442
1441
1440
1437
1435
1434
1432
1432
1432
1431
1430
1430
1429
1425
1422
1418
1410
1409
1407
1407
1400
1399
1399
1399
1399
1399
1399
1397
1397
1396
1396
1395
1394
1394
1394
1393
1392
1390
1390
1389
1388
1387
1386
1385
1383
1383
1380
1375
1371
1370
1369
1367
1367
1367
1365
1364
1362
1359
1358
1358
1357
1355
1355
1354
1352
1349
1347
1345
1341
1340
1338
1337
1337
1334
1334
1334
1334
1333
1330
1329
1328
1328
1324
1323
1322
1322
1322
1318
1317
1317
1315
1315
1315
1313
1307
1305
1304
1303
1302
1302
1300
1297
1297
1297
1296
1294
1293
1292
1291
1290
1288
1285
1283
1282
1282
1281
1280
1279
1277
1273
1273
1270
1267
1267
1267
1267
1266
1263
1261
1261
1259
1258
1258
1257
1256
1253
1253
1250
1249
1248
1247
1245
1244
1244
1244
1242
1242
1240
1240
1237
1236
1236
1234
1233
1233
1229
1228
1225
1225
1223
1222
1221
1216
1212
1211
1206
1205
1205
1204
1204
1204
1204
1203
1203
1200
1199
1198
1197
1197
1197
1194
1193
1192
1189
1185
1183
1180
1179
1179
1178
1178
1177
1175
1175
1174
1170
1168
1167
1167
1166
1164
1163
1163
1162
1160
1159
1158
1156
1154
1154
1154
1154
1154
1153
1152
1151
1149
1148
1148
1147
1146
1146
1143
1142
1140
1138
1136
1136
1135
1135
1134
1134
1132
1132
1131
1131
1130
1129
1129
1128
1128
1127
1127
1125
1125
1123
1123
1121
1120
1119
1117
1117
1113
1110
1110
1097
1095
1095
1094
1093
1087
1085
1085
1085
1084
1082
1081
1080
1079
1078
1077
1075
1071
1071
1070
1068
1068
1067
1064
1061
1058
1057
1057
1057
1053
1051
1051
1048
1047
1047
1046
1044
1044
1043
1042
1040
1039
1038
1035
1034
1034
1033
1033
1032
1030
1028
1026
1026
1025
1025
1025
1023
1021
1019
1016
1016
1015
1014
1014
1013
1011
1008
1006
1006
1005
1005
1004
1002
1002
1001
1000
997
994
994
993
987
987
986
986
985
985
984
984
984
980
977
977
975
974
973
972
969
968
967
967
965
964
963
963
962
961
959
957
954
954
954
951
950
950
949
949
949
948
948
948
945
943
942
940
940
939
939
939
938
934
933
933
932
931
931
927
927
925
922
921
921
919
918
916
914
913
912
910
907
907
906
906
906
901
899
899
899
898
898
898
895
895
895
894
892
892
891
891
890
889
889
889
887
884
883
883
882
882
881
881
878
878
870
869
869
867
866
865
861
860
859
858
856
855
855
854
854
853
853
852
851
851
851
848
845
843
841
839
833
833
832
830
827
827
827
823
823
823
822
815
815
811
810
808
803
802
802
799
798
796
796
795
795
794
791
791
791
791
788
788
787
784
783
782
781
778
777
777
774
774
772
772
771
771
770
769
767
767
765
764
764
764
762
762
759
757
754
753
753
750
749
748
748
746
744
744
744
744
743
742
742
741
740
740
740
740
738
738
737
736
736
729
728
728
727
726
725
724
723
717
715
714
710
707
706
704
703
701
700
698
696
693
691
691
690
687
687
686
684
684
683
682
682
681
681
681
681
679
679
678
676
674
673
672
672
670
670
668
667
666
664
660
656
653
653
653
651
648
648
646
645
642
641
641
638
638
637
636
632
632
631
629
626
623
623
622
621
620
618
617
617
616
616
614
613
613
611
610
610
607
606
606
605
604
604
603
603
603
601
601
601
600
597
595
594
594
593
591
590
589
585
584
577
576
573
572
571
571
570
569
569
568
567
567
563
563
563
562
557
555
555
552
551
550
546
545
544
543
543
543
543
543
542
540
540
535
532
530
530
530
529
528
528
528
525
520
520
518
518
517
516
514
514
513
511
509
508
507
506
505
504
502
501
500
499
493
490
489
487
486
484
480
475
472
472
472
472
467
466
464
462
461
460
459
459
459
459
458
457
453
449
447
446
444
443
443
437
437
436
435
428
428
428
427
426
425
425
421
420
419
416
415
414
414
412
412
412
409
409
407
406
404
404
400
400
400
399
399
398
398
396
395
394
392
391
390
388
388
386
385
383
382
381
381
380
378
378
376
375
374
373
371
371
370
368
368
367
366
365
365
365
364
363
362
362
360
360
358
354
353
350
350
349
346
346
343
339
337
334
334
333
332
332
331
330
329
327
324
324
321
320
315
314
313
310
304
304
302
300
300
297
296
293
291
290
288
288
286
282
282
282
281
278
278
276
276
276
273
272
272
272
271
270
267
266
262
262
260
260
257
253
253
253
251
251
250
250
250
249
248
248
247
247
245
244
244
243
241
239
239
239
238
238
238
232
231
230
229
229
228
227
225
223
221
220
220
219
218
215
214
212
211
211
210
209
208
207
207
206
206
205
203
202
201
198
193
191
191
189
186
186
185
184
181
180
179
176
175
174
172
171
170
166
166
164
163
162
162
162
161
159
159
158
154
153
151
150
149
149
148
148
147
147
147
143
140
140
139
139
138
137
137
135
135
133
130
129
129
127
126
126
124
124
120
116
116
115
114
112
112
111
111
109
107
107
105
105
103
102
101
101
101
100
99
98
98
97
97
96
93
93
93
93
91
91
89
87
86
85
84
84
83
83
83
83
78
77
77
75
75
72
70
70
70
67
65
65
63
62
61
60
57
55
54
53
52
50
50
50
48
46
46
45
43
35
33
32
31
30
30
28
27
26
26
25
24
24
23
21
19
18
18
18
15
13
13
10
9
9
8
8
8
6
6
6
5
2
2